1	4.0	0.8523491
10	4.0	0.89123285
100	3.0	0.96187156
1000	3.0	1.2343761
1002	4.5	0.8864053
1003	3.0	0.8688836
1004	3.0	1.1685652
1005	2.0	1.114757
1006	3.0	0.9559913
1007	3.0	0.93255746
1008	3.0	0.9434163
1009	3.0	1.0372034
101	4.0	0.91871125
1010	3.0	0.9801798
1011	3.0	1.0106126
1012	4.0	0.9568775
1013	4.0	1.0313752
1014	3.0	1.1377605
1015	4.0	1.0542405
1016	3.0	0.9318374
1017	4.0	0.8715984
1018	3.0	1.0604167
1019	4.0	0.86968505
102	2.0	0.92958283
1020	3.0	0.9667876
1021	3.0	1.1222911
1022	4.0	0.9705241
1023	4.0	1.055202
1024	3.0	0.9772329
1025	4.0	0.90592617
1026	4.0	1.187735
1027	3.0	1.0257384
1028	4.0	1.0096934
1029	4.0	0.96302295
103	3.0	1.0827504
1030	3.0	1.0500888
1031	4.0	0.95102984
1032	4.0	0.97374475
1033	3.0	0.9589793
1034	4.0	1.1092099
1035	4.0	1.1324931
1036	4.0	0.8609879
1037	3.0	1.0631325
1038	3.0	0.90453404
1039	4.0	0.57735026
104	4.0	1.1496184
1040	3.0	1.0
1041	4.0	0.8931457
1042	4.0	0.9621002
1043	3.0	1.0154142
1044	3.0	0.9873145
1046	4.0	1.1297808
1047	4.0	1.0444919
1049	3.0	1.0471468
105	3.0	1.109392
1050	4.0	1.0483809
1051	4.0	0.9624225
1053	3.0	1.0674717
1054	4.0	1.1251886
1055	3.0	1.0975784
1056	4.0	0.8134081
1057	4.0	0.9522783
1058	3.0	1.1037128
1059	4.0	1.1670508
106	4.0	1.5050421
1060	4.0	0.96255225
1061	4.0	0.9470354
1062	2.5	0.70710677
1063	3.0	1.2551433
1064	3.0	1.0644704
1066	4.0	0.9039959
1067	4.0	1.2415724
1068	4.0	0.9321521
1069	4.0	0.94538075
107	3.0	1.1067694
1070	3.0	0.0
1071	3.0	1.1401755
1073	4.0	1.0161697
1076	4.0	0.90453404
1077	4.0	0.9021416
1078	4.0	0.89170676
1079	4.0	0.9246768
108	3.0	1.5735916
1080	4.0	0.9338603
1081	4.0	1.0040414
1082	4.0	0.76807094
1083	4.0	0.92956734
1084	4.0	0.8209396
1085	4.0	0.9710429
1086	4.0	0.7760048
1087	4.0	1.0416176
1088	3.0	1.1689241
1089	4.0	0.99112695
1090	4.0	0.8656301
1091	3.0	1.061426
1092	4.0	0.9608529
1093	3.0	0.9322904
1094	4.0	1.0054377
1095	4.0	1.0348076
1096	4.0	0.9894693
1097	4.0	0.9475322
1098	2.0	0.5477226
1099	4.0	0.9047353
11	4.0	0.8643905
110	4.0	0.92935
1100	3.0	1.037919
1101	4.0	1.0295466
1102	1.5	1.4142135
1103	4.0	0.8513001
1104	4.0	0.8477474
1105	1.0	1.1160845
1107	2.0	1.0
111	4.0	0.8848457
1111	4.0	0.8559614
1112	3.0	0.97876614
1113	3.0	1.1065667
1114	3.0	1.1177936
1115	1.0	0.0
1116	3.0	0.8702603
1117	4.5	0.9653073
1118	2.0	0.0
1119	3.0	0.94642586
112	4.0	0.9492421
1120	4.0	0.84753466
1121	3.0	0.8623165
1123	4.0	1.0975178
1124	4.0	0.96700233
1125	4.0	0.9132043
1126	2.0	1.1584523
1127	4.0	0.94810164
1128	3.0	1.0658938
1129	4.0	0.96478945
113	3.0	0.88774925
1130	3.0	0.99654967
1131	5.0	0.82775915
1132	4.0	0.83919895
1133	2.0	1.4142135
1134	3.0	0.0
1135	3.0	0.9156984
1136	5.0	0.8738761
1138	4.0	1.4638501
1139	4.0	0.0
114	3.0	0.9438798
1142	1.0	0.0
1144	4.0	0.68313
1145	2.5	0.70710677
1147	4.0	0.7949212
1148	5.0	0.7086657
1149	4.0	1.7320508
1150	4.0	0.8604331
1151	4.0	1.3132902
1152	3.0	1.0219271
1153	3.0	1.1578685
1154	4.0	0.8837151
116	4.0	1.090983
1160	2.0	1.3291601
1161	4.0	0.9545254
1162	4.0	0.90702665
1163	3.0	1.3933846
1164	4.0	1.67332
1165	1.0	0.0
1167	3.0	0.9996568
1168	2.0	1.0556415
1169	4.0	1.0586004
117	4.0	0.7873554
1170	2.0	0.7018882
1171	4.0	0.9540701
1172	4.0	0.8407947
1173	4.0	1.223614
1174	4.0	1.0954452
1175	4.0	0.98903704
1176	4.0	0.9980601
1177	4.0	0.9326395
1178	5.0	0.8075611
1179	4.0	0.9207801
118	3.0	1.1239082
1180	4.0	1.0567567
1181	3.0	0.99442893
1183	4.0	1.185842
1184	4.0	0.8058092
1185	4.0	0.90744597
1186	4.0	0.9564601
1187	4.0	0.88748217
1188	4.0	0.998806
1189	4.0	0.83935475
119	2.0	1.1982894
1190	4.0	0.96895486
1191	3.0	1.0335511
1192	4.0	0.99476653
1193	5.0	0.7895238
1194	4.0	1.0773015
1196	4.0	0.844432
1197	5.0	0.8500395
1198	5.0	0.72564656
1199	4.0	1.055647
12	2.0	1.2052689
120	3.0	0.57735026
1200	4.0	0.92434734
1201	4.0	0.8920271
1202	4.0	1.0948735
1203	4.0	0.81273127
1204	5.0	0.822688
1205	4.0	1.2929175
1206	4.0	1.1083417
1207	5.0	0.78885823
1208	4.0	0.9153284
1209	4.0	0.9938986
121	4.0	0.6644106
1210	4.0	0.92735606
1211	4.0	1.0306257
1212	5.0	0.7575616
1213	4.0	0.87245506
1214	4.0	0.91330963
1215	4.0	1.0500116
1216	4.0	1.0978582
1217	4.0	0.84830445
1218	4.0	0.92642367
1219	4.0	0.890025
122	3.0	0.97258234
1220	4.0	0.9542159
1221	5.0	0.86889654
1222	4.0	0.86225843
1223	5.0	0.7663192
1224	4.0	0.78074026
1225	4.0	0.82343066
1226	4.0	0.90765345
1227	4.0	0.91396874
1228	4.0	0.86617553
123	4.0	1.0473169
1230	4.0	0.9684531
1231	4.0	0.824524
1232	4.0	1.2684535
1233	4.0	0.8241861
1234	4.0	0.7594051
1235	4.0	0.91289127
1236	4.0	0.83322096
1237	5.0	0.9780767
1238	4.0	0.99713874
124	3.0	1.188313
1240	4.0	0.8526366
1241	4.0	1.4649105
1242	4.0	0.77623963
1243	4.0	1.0728453
1244	4.0	0.8663489
1245	4.0	0.89816
1246	4.0	0.9124245
1247	4.0	0.8337097
1248	4.0	0.8841568
1249	4.0	0.89318776
125	4.0	0.9698396
1250	5.0	0.7538739
1251	4.0	0.9467628
1252	5.0	0.8187134
1253	4.0	0.85701346
1254	4.0	0.8025361
1255	4.0	1.1898711
1256	4.0	0.9152035
1257	4.0	0.89833486
1258	4.0	0.9441319
1259	4.0	0.79665536
126	2.0	1.0737588
1260	4.0	0.82887393
1261	4.0	1.1203054
1262	4.0	0.6925852
1263	4.0	0.9437165
1264	4.0	0.8910084
1265	4.0	0.9291961
1266	4.0	0.92155993
1267	5.0	0.7826656
1268	4.0	0.939947
1269	4.0	0.83692586
127	1.0	0.0
1270	4.0	0.8651883
1271	4.0	0.9732036
1272	4.0	0.80770105
1273	4.0	0.9203776
1274	4.0	0.99221903
1275	4.0	0.99489343
1276	4.0	0.78337944
1277	4.0	0.93599075
1278	4.0	0.8728098
1279	4.0	0.9990247
128	4.5	0.77849895
1280	4.0	0.7886934
1281	4.0	0.9806812
1282	4.0	1.0901072
1283	4.0	0.8797564
1284	4.0	0.7772304
1285	4.0	0.9675033
1286	4.0	1.0263155
1287	4.0	0.8935982
1288	4.0	0.963461
1289	4.0	1.0793456
129	4.0	0.8548504
1290	4.0	0.84518313
1291	4.0	0.8177786
1292	4.0	0.97935617
1293	4.0	0.84248203
1294	4.0	0.90330386
1295	4.0	1.0697944
1296	4.0	0.9990988
1297	4.0	0.9444319
1298	4.0	1.1256258
1299	4.0	0.8041859
13	3.0	1.0554606
130	4.0	1.4142135
1300	4.0	0.883861
1301	4.0	0.9793333
1302	4.0	0.9648173
1303	4.0	0.8260302
1304	4.0	0.8046115
1305	4.0	0.95670754
1306	4.0	1.1436096
1307	4.0	0.8811164
131	3.0	0.9287088
1310	4.0	1.1609176
1311	1.0	0.0
1312	3.0	1.1543449
1313	2.0	1.3445045
1315	2.0	0.57735026
1316	4.0	0.0
1317	3.0	0.930605
132	3.0	1.0151478
1320	3.0	1.0769504
1321	4.0	0.9744076
1322	1.0	0.88843375
1323	1.0	0.7245115
1324	1.0	0.8387271
1325	1.0	0.8316848
1326	2.0	1.0562123
1327	3.0	1.0744025
1328	1.0	1.2476645
1329	3.0	1.3522468
133	1.0	0.0
1330	3.0	1.0954452
1331	3.0	1.1192199
1332	3.0	1.0254478
1333	4.0	0.92025626
1334	3.0	1.0972581
1335	1.0	0.9023778
1336	2.0	1.0176886
1337	4.0	1.0059347
1339	3.0	1.0847774
134	4.0	0.0
1340	4.0	1.0550624
1341	3.0	1.0264994
1342	3.0	1.0767741
1343	4.0	0.8203441
1344	4.0	0.82970583
1345	4.0	0.98890144
1346	3.0	1.0032172
1347	4.0	1.1894503
1348	4.0	1.0984899
1349	3.5	1.730464
135	3.0	1.1156625
1350	4.0	1.0595211
1351	3.0	0.97618705
1352	3.0	0.93851227
1353	3.0	1.1577183
1354	4.0	1.1963707
1355	3.0	1.2715672
1356	4.0	0.95032865
1357	4.0	0.9244756
1358	4.0	0.8611028
1359	2.0	1.0707704
136	4.0	1.4880476
1360	3.5	2.1213202
1361	4.0	0.9831799
1362	4.0	0.98938817
1363	3.0	0.8643054
1364	3.5	0.70710677
1365	4.0	0.9876736
1366	3.0	1.0777975
1367	3.0	1.0987171
1369	4.0	1.0954452
137	3.0	1.1547005
1370	4.0	0.9464321
1371	3.0	1.0966405
1372	4.0	1.0440632
1373	3.0	1.1527969
1374	4.0	0.9624357
1375	3.0	0.90710175
1376	4.0	1.0101662
1377	3.0	0.9681537
1378	4.0	1.017437
1379	3.0	1.0719588
138	2.5	2.1213202
1380	4.0	1.1132637
1381	2.0	1.0651006
1382	3.0	1.0758045
1383	1.0	0.82019955
1384	4.0	0.7527726
1385	3.0	1.0327742
1386	1.0	0.0
1387	4.0	0.94556606
1388	3.0	0.95360786
1389	2.0	0.97436965
139	4.0	0.0
1390	3.0	0.9185118
1391	3.0	1.1856315
1392	4.0	0.8409376
1393	4.0	0.91075575
1394	4.0	0.98749065
1395	3.0	0.9596614
1396	4.0	0.8631862
1397	4.0	1.0497116
1398	3.0	1.0295182
1399	3.0	0.9591644
14	4.0	0.87349063
140	3.0	1.1137944
1401	3.5	0.934148
1404	3.0	0.9757588
1405	3.0	1.1908938
1406	4.0	1.1412871
1407	4.0	1.0352179
1408	4.0	0.965539
1409	3.0	1.0263473
141	4.0	0.9547816
1410	3.0	1.1137546
1411	4.0	0.92689455
1412	4.0	0.78806895
1413	3.0	1.027976
1414	4.0	0.9171558
1415	4.0	1.080858
1416	3.0	1.2536311
1417	3.0	1.1513389
1419	4.0	0.92222023
142	1.0	0.0
1420	5.0	1.7320508
1421	3.0	1.7037011
1422	3.0	0.9000508
1423	5.0	0.92878276
1425	3.0	0.9748586
1426	3.0	1.1228845
1427	2.0	1.1008018
1428	3.0	1.1694645
1429	3.0	0.99850875
1430	1.0	0.0
1431	3.0	1.0516498
1432	3.0	1.0135945
1433	1.0	1.3038405
1434	4.0	0.0
1436	3.0	1.1666666
1437	3.0	0.9436505
1438	3.0	1.0755169
1439	2.0	1.1395397
144	3.0	0.9220252
1440	3.0	0.84070814
1441	3.0	0.8741544
1442	3.0	0.847769
1444	3.5	0.7440238
1445	2.0	1.1139205
1446	4.0	0.82986444
1447	3.0	0.83401334
1449	4.0	0.876286
145	3.0	1.0358838
1450	4.0	1.1217138
1453	2.0	1.1075631
1454	3.0	1.1052011
1455	3.0	0.97256744
1456	2.0	1.2262627
1457	3.0	0.9024879
1458	3.0	1.1671841
1459	3.0	0.89165926
146	3.0	1.4095844
1460	3.0	1.2375207
1461	3.0	1.0627187
1463	3.0	1.0294245
1464	4.0	1.2220829
1465	4.0	0.9359148
1466	4.0	0.78010225
1468	2.0	1.2776659
147	4.0	1.0512935
1470	4.0	0.0
1471	4.0	1.3416408
1472	3.0	0.8121419
1473	3.0	1.009887
1474	2.0	1.1281807
1475	3.0	1.1303884
1476	4.0	0.9742316
1477	3.0	1.0860419
1479	3.0	1.1041135
148	3.0	1.126399
1480	3.0	1.0025269
1482	3.0	0.84242356
1483	3.0	1.3196359
1484	4.0	1.0199621
1485	4.0	0.9114972
1486	3.0	1.069045
1487	3.0	1.063958
1488	3.0	0.9575724
1489	3.0	1.2142794
149	4.0	0.85811144
1490	2.0	0.8952868
1493	4.0	1.5315313
1494	3.0	0.90482783
1495	1.0	0.6387752
1496	3.0	1.0677078
1497	2.0	1.2519488
1498	3.0	0.9904417
1499	2.0	1.0393754
15	3.0	1.22123
150	4.0	0.8016155
1500	4.0	0.87974596
1501	3.0	1.0921587
1502	3.0	1.255756
1503	2.0	1.052137
1504	3.5	0.8944272
1507	4.0	0.95423746
1508	3.0	0.9803628
1509	4.0	0.73029673
151	4.0	0.9414756
1510	2.5	0.70710677
1511	4.0	0.9286112
1513	3.0	1.0205953
1514	3.0	0.75592893
1515	3.0	1.0182798
1516	4.0	0.9678076
1517	4.0	1.0867368
1518	3.0	0.9192393
1519	3.0	1.0327955
152	3.0	1.16316
1520	3.0	0.9904304
1522	2.0	0.97590005
1523	2.0	1.0795432
1525	2.0	1.0743994
1526	2.0	0.9936449
1527	4.0	1.0900778
1528	2.0	1.4142135
1529	3.0	1.2030427
153	3.0	1.0469245
1531	3.0	0.80903983
1532	3.0	0.8164966
1533	4.0	0.67967385
1534	4.0	1.36626
1535	4.0	1.1102382
1537	4.0	0.7965131
1538	1.0	1.0327955
1539	3.0	1.1677485
154	4.0	0.90707386
1541	3.0	0.9319975
1542	4.0	0.8740995
1543	4.0	1.3801311
1544	3.0	1.0835562
1545	4.0	0.9906334
1546	4.0	1.2694072
1547	3.0	0.9733691
1548	2.5	0.70710677
1549	3.0	1.15723
155	4.0	1.0515959
1550	3.0	1.005618
1551	3.0	1.1084094
1552	3.0	1.0276213
1553	2.0	1.5
1554	4.0	1.1412466
1555	3.0	1.4142135
1556	2.0	0.8885749
1558	1.5	0.70710677
156	3.0	1.0247519
1561	3.0	0.5
1562	2.0	1.1103134
1563	4.0	1.057331
1564	4.0	1.0
1565	3.0	1.2247449
1566	3.0	1.076566
1567	3.0	1.2360331
1569	3.5	0.9713571
157	3.0	1.1972886
1570	3.0	1.3292097
1571	4.0	0.90341663
1572	3.5	1.002305
1573	4.0	1.1362647
1574	3.0	1.2459458
1575	4.0	1.3506205
1579	3.0	0.0
158	3.0	1.0132905
1580	4.0	0.93171865
1581	3.0	1.1266912
1582	3.0	1.0761933
1583	3.0	1.0127394
1584	4.0	1.0082586
1585	3.0	1.499559
1586	3.0	1.0956832
1587	3.0	1.0632038
1588	3.0	1.1086887
1589	3.0	0.9152734
159	3.0	0.9022294
1590	2.0	1.0898631
1591	3.0	1.1021551
1592	3.0	1.185464
1593	3.0	0.84519964
1594	4.0	1.0493355
1595	1.0	0.9232572
1596	4.0	0.94985145
1597	3.0	0.9555129
1598	3.0	0.9379609
1599	1.0	0.9954669
16	4.0	0.90507543
160	2.0	1.0112342
1600	3.0	1.0502985
1601	3.0	1.0850333
1602	2.0	1.117167
1603	3.0	0.95738816
1604	3.0	1.1184639
1605	3.0	1.0270633
1606	2.0	1.1157142
1608	4.0	0.941356
1609	3.0	1.0579187
161	4.0	0.85740495
1610	4.0	0.82493067
1611	3.0	1.106671
1612	3.0	0.924052
1613	3.0	1.09387
1614	3.0	1.0085758
1615	4.0	0.944051
1616	3.0	0.9418825
1617	4.0	0.8441932
1619	3.0	0.9627877
162	4.0	1.0410383
1620	3.0	0.9561685
1621	3.0	0.853728
1622	2.0	0.5477226
1623	2.0	1.0696408
1624	3.0	1.0887177
1625	4.0	0.8973737
1626	3.0	1.1522924
1627	3.0	1.1469463
1629	3.0	0.9126848
163	4.0	0.9935043
1630	2.0	0.0
1631	4.0	0.91100603
1632	2.5	0.99868333
1633	4.0	0.8892415
1635	4.0	1.0262172
1636	2.0	1.1401755
1639	4.0	1.0131735
164	4.0	0.8683657
1640	2.0	1.1454091
1641	4.0	0.9510017
1642	3.0	1.0322458
1643	4.0	0.8323264
1644	3.0	1.1460134
1645	4.0	1.0520395
1646	3.0	1.1401296
1647	3.0	0.9460477
1648	4.0	1.0733974
1649	4.0	1.086307
165	4.0	1.0067483
1650	3.0	0.9816687
1651	3.0	1.1663165
1652	3.0	1.2583058
1653	4.0	0.9968324
1654	4.0	1.296779
1655	2.0	1.185755
1656	3.0	0.9749613
1657	3.5	1.0
1658	3.0	1.0572801
1659	3.0	1.5735916
166	2.0	1.28548
1660	4.0	0.8801082
1661	3.0	0.8557843
1662	3.0	1.3088766
1663	4.0	0.8994537
1664	4.0	0.83666
1665	3.0	1.1411777
1666	3.0	1.1876558
1667	3.0	1.0241243
1668	3.0	0.9959432
1669	4.0	1.2603922
167	3.0	0.8944272
1670	4.0	1.1027462
1671	3.0	1.0527227
1672	4.0	0.81138945
1673	4.0	1.0498112
1674	4.0	0.79591346
1675	3.0	0.8312094
1676	3.0	1.2032452
1677	3.0	1.0383054
1678	4.0	0.9503068
1679	2.0	0.9990938
168	3.0	1.1301765
1680	4.0	0.932636
1681	2.0	1.0957934
1682	4.0	0.8835454
1683	4.0	0.8682742
1684	4.0	0.951326
1685	4.0	0.83666
1686	3.0	0.92470527
1687	3.0	0.9910223
1688	4.0	0.98837584
1689	3.0	1.1343325
169	2.0	1.0262823
1690	3.0	1.0807295
1692	2.5	1.356272
1693	4.0	0.9577905
1694	4.0	1.0372517
1695	4.0	0.9310937
1696	4.0	1.1362242
1699	4.0	1.1245443
17	4.0	0.9045359
170	3.0	1.1209906
1701	3.0	1.0380939
1702	3.0	1.0731584
1703	3.0	1.1716734
1704	4.0	0.8319938
1707	1.0	1.1621927
1709	2.0	0.0
171	4.0	1.0467117
1711	3.0	1.0465586
1713	3.0	1.0623336
1714	2.0	0.0
1715	3.0	1.2909944
1717	3.0	1.115306
1718	3.0	0.97590005
1719	4.0	0.90356237
172	3.0	1.1048187
1720	1.0	0.48795003
1721	4.0	1.1674485
1722	4.0	0.8942972
1724	3.0	0.0
1725	4.0	1.2869058
1726	3.0	1.2890528
1727	3.0	1.0468192
1728	3.0	1.129111
1729	4.0	0.9102733
173	2.0	1.0326114
1730	4.0	0.87801427
1731	1.5	1.0764433
1732	4.0	1.1048641
1733	3.0	0.8749758
1734	4.0	1.0744894
1735	3.0	0.9774546
1739	1.0	0.79195774
174	2.0	1.1687812
1741	4.0	1.0
1743	4.0	1.3751034
1744	3.0	1.0692048
1746	3.0	1.0357255
1747	4.0	0.9903789
1748	4.0	1.0161984
1749	3.5	1.0749677
175	4.0	1.1914581
1750	2.0	1.242489
1752	3.0	1.0133959
1753	3.0	1.2214645
1754	3.0	1.0368037
1755	4.0	1.0742546
1756	3.0	1.1543609
1758	4.0	0.9574271
1759	4.0	0.6779438
176	4.0	0.8563209
1760	2.0	1.0311764
1762	3.0	1.0810945
1764	3.0	0.0
1767	3.0	0.9797959
1769	3.0	1.0339079
177	3.0	1.1393842
1770	4.0	0.77232844
1771	3.0	1.1501518
1772	2.0	1.1566911
1773	2.5	2.1213202
1777	4.0	0.97837335
1779	3.0	1.0582765
178	4.0	0.77232844
1780	5.0	1.2464235
1782	2.0	0.75592893
1783	3.0	1.0486703
1784	4.0	0.949705
1785	3.0	0.9298819
1787	3.5	2.1213202
1788	4.0	0.9990227
179	2.0	0.89818573
1791	3.0	0.96001333
1792	3.0	0.9644296
1793	2.0	1.3867505
1794	4.0	0.96960425
1795	4.5	0.70710677
1796	1.0	1.9493588
1797	4.0	0.84665895
1798	3.0	1.1292747
1799	4.0	1.0764266
18	3.0	1.0162408
180	4.0	1.1132785
1801	3.0	1.0887076
1804	3.0	0.94718826
1805	4.0	1.0327853
1806	3.0	1.1531562
1807	3.0	0.79520625
1809	4.0	1.3484265
181	1.0	0.8972453
1810	4.0	0.82754344
1811	4.0	0.94733095
1812	3.0	1.2292678
1814	3.0	1.1503623
1815	2.0	0.0
1816	3.0	1.1217914
1817	3.0	0.9534626
182	3.0	1.0801234
1820	2.0	0.0
1821	3.0	0.94373417
1822	2.0	1.1169686
1824	3.0	1.0245311
1825	3.0	1.1636866
1826	1.0	0.87559503
1827	4.0	0.94397515
1829	3.0	0.91287094
183	4.0	0.9494619
1830	5.0	0.0
1831	3.0	1.1163298
1832	4.0	0.0
1833	3.0	0.99235904
1834	4.0	0.9393979
1835	3.0	1.0769064
1836	4.0	1.1360226
1837	3.0	1.206793
1839	2.0	1.0240085
184	3.0	1.0561177
1840	3.0	0.8231851
1841	3.0	0.9035205
1842	4.0	0.0
1843	3.0	0.0
1844	4.0	0.63942707
1845	4.0	1.0429323
1846	3.0	1.2926921
1848	3.0	1.0861692
1849	3.0	0.97590005
185	3.0	0.9985695
1850	3.0	1.1435437
1851	4.0	0.0
1852	2.0	0.0
1853	2.0	1.0606601
1854	3.0	0.86269206
1855	2.0	1.1351628
1856	3.0	1.0991532
1857	3.0	1.0179547
1858	3.0	1.0364629
1859	4.0	1.2177286
186	3.0	0.9713801
1860	4.0	1.031225
1861	3.0	0.57735026
1862	2.0	0.9651147
1863	2.0	1.0458713
1864	3.0	1.00905
1865	4.0	1.0031397
1866	3.0	1.2279348
1867	2.5	1.08133
1868	2.0	1.4142135
1869	2.0	1.1043586
187	3.0	1.0699012
1870	4.0	0.9493223
1871	4.0	0.8164966
1872	3.0	1.3165612
1873	4.0	1.0289572
1874	3.0	1.0794638
1875	3.0	1.0013458
1876	3.0	1.0352806
1877	2.5	1.2909944
1878	2.0	1.0
1879	4.0	1.0192944
188	3.0	1.1285515
1880	3.0	1.0648221
1881	3.0	1.0768332
1882	2.0	1.1134508
1883	4.0	1.0799247
1884	4.0	1.2464081
1885	4.0	0.96690303
1886	2.5	1.7078252
1887	2.0	1.2001648
1888	3.0	1.1243763
1889	4.0	0.78082895
189	3.0	0.9856108
1890	3.0	1.1338934
1891	2.0	1.0540925
1892	3.0	0.8883073
1893	4.0	0.9952267
1894	3.0	0.99814165
1895	3.0	1.0767056
1896	3.0	0.8656247
1897	4.0	1.1587876
1898	4.0	0.92878276
1899	3.5	1.3984118
19	2.0	1.178748
190	4.0	1.104399
1900	4.0	1.0357015
1901	4.0	1.2247449
1902	3.0	1.2689936
1903	3.5	0.8164966
1904	4.0	1.0865661
1905	1.5	0.70710677
1906	3.0	0.97498965
1907	4.0	0.9757803
1908	3.0	0.0
1909	4.0	0.8972044
191	2.0	1.0440738
1910	4.0	0.6993028
1911	3.0	0.9773113
1912	4.0	0.93840843
1913	4.0	0.97549516
1914	4.0	0.9508812
1915	4.0	0.0
1916	4.0	1.1691123
1917	3.0	1.2034392
1918	3.0	1.0976242
1919	3.0	1.0238534
192	3.0	1.4142135
1920	3.0	1.0781071
1921	4.0	1.0643299
1922	3.0	1.0355666
1923	4.0	1.0969377
1924	2.0	1.4559984
1925	4.0	1.0274023
1926	3.0	1.1482806
1927	4.0	0.8478005
1928	4.0	0.8200084
1929	4.0	0.79260784
193	2.0	1.0853451
1930	4.0	1.4142135
1931	4.0	0.7582352
1932	3.5	1.0852547
1933	3.0	1.1169686
1934	4.0	0.93883336
1935	4.0	0.8179351
1936	4.0	0.8803793
1937	4.0	1.050443
1938	4.0	0.8029295
1939	4.0	0.8978377
194	4.0	0.95981807
1940	4.0	0.80898494
1941	4.0	1.0926573
1942	4.0	0.81232846
1943	3.0	1.0021834
1944	4.0	0.85865325
1945	4.0	0.83392715
1946	4.0	0.84272563
1947	4.0	0.9796992
1948	4.0	0.9665481
1949	4.0	0.78729385
195	3.0	0.9062768
1950	4.0	0.7874759
1951	4.0	1.0396941
1952	4.0	0.90859926
1953	4.0	0.827302
1954	4.0	0.963138
1955	4.0	0.88755167
1956	4.0	0.92926794
1957	4.0	1.0400757
1958	4.0	1.0950738
1959	4.0	1.0641638
196	3.0	0.9989911
1960	4.0	0.9124219
1961	4.0	0.8188936
1962	4.0	0.9075414
1963	4.0	0.8285959
1964	4.0	0.85270905
1965	4.0	1.0472665
1966	4.0	1.0107356
1967	4.0	1.0153203
1968	4.0	0.9111224
1969	2.0	1.1415195
197	3.0	1.0880365
1970	3.0	1.1377288
1971	2.0	1.0428559
1972	2.0	1.0198902
1973	2.0	1.143706
1974	3.0	1.1341462
1975	2.0	1.1474684
1976	2.0	1.0634412
1977	2.0	1.1919236
1978	2.0	1.2130904
1979	2.0	1.2318176
198	3.0	1.0532508
1980	2.0	1.1918527
1981	1.0	1.1221979
1982	4.0	1.1375226
1983	3.0	1.1625261
1984	2.0	1.2444013
1985	2.0	1.2723773
1986	2.0	1.1885173
1987	2.0	1.0225779
1988	2.0	1.0247908
1989	1.0	0.74322337
199	4.0	1.1441879
1990	1.0	1.078193
1991	3.0	1.1521043
1992	2.0	1.1122876
1993	2.0	1.0847862
1994	4.0	0.9427928
1995	2.0	0.9816636
1996	2.0	1.003493
1997	4.0	1.1028969
1998	1.0	0.9449948
1999	3.0	1.240638
2	3.0	0.98317206
20	3.0	0.9034351
200	2.5	1.0836247
2000	4.0	0.86662567
2001	4.0	0.919913
2002	3.0	0.98307127
2003	3.0	0.95865995
2004	2.0	1.155011
2005	4.0	1.1024413
2006	4.0	0.91936976
2007	3.0	0.88578516
2008	3.0	1.0600989
2009	4.0	0.96905607
201	3.0	1.0844982
2010	4.0	0.9364301
2011	3.0	0.9747056
2012	3.0	1.0265353
2013	4.0	0.91528404
2014	3.0	0.9924607
2015	3.0	0.938965
2016	3.0	1.0905333
2017	3.0	1.0091978
2018	4.0	1.0031711
2019	5.0	0.74360716
202	2.0	1.1064076
2020	4.0	0.91573316
2021	3.0	1.1830672
2022	4.0	1.2146146
2023	3.0	1.0516391
2024	3.0	1.0435233
2025	3.0	0.96734
2026	3.0	1.0853342
2027	3.0	1.075009
2028	5.0	0.84577477
2029	4.0	0.9001949
203	3.0	1.1697592
2031	3.0	1.0925629
2032	3.0	1.0951525
2033	3.0	1.1198416
2034	3.0	1.0330969
2035	3.0	1.0804135
2036	2.0	1.0682315
2037	4.0	0.88409346
2038	3.0	1.059587
2039	1.0	0.0
204	3.0	1.0641291
2040	3.0	0.98259336
2041	3.0	1.1847126
2042	3.0	1.0870469
2043	3.0	0.98813814
2044	3.0	0.9174034
2045	3.0	0.91930294
2046	3.5	0.9326833
2047	3.0	0.95799214
2048	4.0	0.963759
2049	3.0	1.0815127
205	4.0	1.1137038
2050	3.0	1.1313972
2051	3.0	1.144336
2052	3.0	1.1925881
2053	2.0	1.0218568
2054	3.0	0.9332671
2055	3.0	0.8811486
2056	4.0	1.2004901
2057	3.0	0.88468176
2058	4.0	0.8528189
2059	3.0	1.1124891
206	4.0	1.0547351
2060	3.0	1.2066541
2061	4.0	0.97590005
2062	3.0	1.0439613
2063	2.0	1.7728106
2064	4.0	0.9756366
2065	4.0	0.91367996
2066	4.0	0.8595952
2067	4.0	0.96158236
2068	4.0	0.99305534
2069	4.0	0.9802783
207	3.0	1.0945231
2070	4.0	0.9723019
2071	4.0	0.83015907
2072	3.0	1.1077602
2073	4.0	1.042679
2074	4.0	0.81357527
2075	4.0	0.9846037
2076	4.0	1.0632843
2077	4.0	0.8498116
2078	4.0	0.91376626
2079	4.0	0.5135526
208	3.0	1.129684
2080	4.0	0.90187347
2081	4.0	1.0156624
2082	3.0	1.0386202
2083	4.0	1.0329952
2084	3.0	1.2530468
2085	4.0	0.98210305
2086	4.0	1.0207213
2087	4.0	0.9194419
2088	3.0	1.085245
2089	3.0	0.9910467
209	2.0	0.9992456
2090	4.0	0.9961222
2091	3.0	1.2253735
2092	2.0	1.0365946
2093	3.0	1.1707176
2094	3.0	0.97680885
2095	3.0	0.9492495
2096	4.0	0.91730106
2097	4.0	0.90912735
2098	3.0	1.1278764
2099	4.0	1.055202
21	4.0	0.93484646
210	3.0	0.9370426
2100	3.0	0.8588799
2101	4.0	1.2459458
2102	3.0	1.1081337
2103	3.0	0.953892
2104	3.0	0.7830757
2105	3.0	1.0341406
2106	3.0	1.0950696
2107	3.0	1.1430144
2108	4.0	0.9037498
2109	4.0	1.0098189
211	4.0	0.7463518
2110	3.0	0.96292245
2111	3.0	0.9932942
2112	4.0	0.99630296
2113	2.0	1.0988176
2114	4.0	0.88339806
2115	4.0	1.0012373
2116	3.0	1.1394058
2117	4.0	0.96531004
2118	4.0	0.8948406
2119	2.0	1.1076188
212	2.0	0.99724895
2120	3.0	1.0045334
2121	3.0	1.0562469
2122	2.0	1.1663002
2123	3.0	1.0419999
2124	3.0	0.97406363
2125	4.0	0.95306623
2126	3.0	1.0159929
2127	3.5	1.2909944
2128	4.0	1.1075499
2129	4.0	1.2817398
213	4.0	1.0266994
2130	4.0	0.87586653
2131	4.0	1.2576205
2132	4.0	0.959255
2133	3.0	1.0018159
2134	3.0	0.9387088
2135	3.0	0.9641667
2136	3.0	1.0335866
2137	4.0	0.92503107
2138	4.0	0.9112706
2139	4.0	0.9623372
214	4.0	0.8443713
2140	4.0	0.98870337
2141	3.0	0.9874125
2142	3.0	1.0204135
2143	3.0	1.0603797
2144	4.0	0.9017374
2145	3.0	0.9035122
2146	3.0	0.96177506
2147	3.0	0.9806331
2148	3.0	1.0977257
2149	2.0	1.1177573
215	4.0	1.0124811
2150	4.0	1.0228355
2151	3.0	1.1231941
2152	2.0	1.243054
2153	2.0	1.0443085
2154	3.0	1.1110026
2155	3.0	0.97636163
2156	4.0	1.3017082
2157	3.0	1.2085223
2158	3.0	1.5008769
2159	4.0	1.1782773
216	3.0	1.2499702
2160	4.0	1.0578405
2161	4.0	1.0469095
2162	2.0	1.1552564
2163	3.0	1.175254
2164	2.0	1.1909748
2165	3.0	1.1286585
2166	4.0	1.0239698
2167	4.0	1.0933117
2168	3.0	1.0349303
2169	3.0	1.2085958
217	3.0	1.0910895
2170	3.0	1.2492834
2171	4.0	1.0278563
2172	3.0	0.5
2173	4.0	1.0965105
2174	4.0	0.9683267
2175	4.0	1.0431851
2176	4.0	0.8268703
2177	3.0	0.8978048
2178	4.0	0.82010025
2179	3.0	0.96076894
218	3.0	1.0148253
2180	3.0	0.94382447
2181	4.0	0.91966933
2182	4.0	0.907284
2183	4.0	0.8715076
2184	4.0	0.9555882
2185	4.0	0.9393364
2186	4.0	0.79259574
2187	4.0	0.9454344
2188	3.0	1.0354815
2189	4.0	0.8451542
219	3.0	0.95799214
2190	3.0	1.0362946
2191	3.0	0.9189366
2192	3.0	1.7043362
2193	4.0	1.0021755
2194	4.0	0.7923525
2195	3.0	1.1427664
2196	2.0	1.0127394
2197	5.0	1.1677485
2198	4.0	1.4142135
22	3.0	0.97706425
220	2.0	0.90486634
2200	2.5	0.5345225
2201	3.0	0.82078266
2202	4.0	0.9248252
2203	4.0	0.850876
2204	4.0	0.86025625
2205	4.0	1.0931952
2206	4.0	0.8780319
2207	3.0	0.9910312
2208	4.0	0.8590593
2209	3.0	1.2516656
2210	4.0	0.8384539
2211	4.0	1.3067526
2212	4.0	0.9455852
2213	1.0	0.0
2214	3.0	0.0
2215	4.0	0.90453404
2217	1.0	0.0
2218	2.0	0.0
2219	3.5	1.0749677
222	4.0	0.858103
2221	4.0	1.4459976
2223	3.0	0.57735026
2226	3.0	0.0
2227	4.0	1.1670067
223	4.0	1.0119822
2231	4.0	0.84937376
2232	4.0	1.1141887
2233	2.0	0.5477226
2234	2.0	0.83452296
2235	2.0	0.0
2236	4.0	1.0464438
2237	4.0	0.8160649
2238	4.0	1.2074615
2239	4.0	1.1572088
224	3.0	0.9560879
2240	4.0	0.908198
2241	3.0	0.9940472
2242	2.5	1.0488088
2243	4.0	0.8600028
2244	1.0	1.2149858
2245	4.0	0.87940866
2246	3.0	0.91387355
2247	3.0	0.9181217
2248	4.0	0.8513374
2249	3.0	1.0149025
225	3.0	0.92479664
2250	3.0	1.0377588
2251	3.5	0.70710677
2252	3.0	0.9780057
2253	2.0	1.2188891
2254	2.0	0.0
2255	3.0	0.9925068
2256	2.0	1.13492
2257	3.0	1.1440382
2258	3.0	1.4142135
2259	3.0	1.0070646
226	2.0	0.0
2260	3.0	1.1722413
2261	3.0	0.9986015
2262	3.0	0.94302535
2263	3.0	1.0398623
2264	3.0	0.9504318
2265	2.0	1.126185
2266	3.0	0.94649345
2267	3.0	0.9347462
2268	4.0	0.85228735
2269	3.0	0.90274185
227	3.0	0.9855423
2271	3.0	0.8765963
2272	4.0	0.9385478
2273	4.0	0.8990616
2275	4.0	1.4065098
2276	4.0	0.886989
2277	2.0	0.0
2278	4.0	0.97222257
2279	3.0	1.1073012
228	2.0	0.98709625
2280	4.0	0.9010388
2281	4.0	0.93419874
2282	4.0	1.055426
2283	3.0	0.98818153
2284	4.0	0.9650596
2285	4.0	0.8614745
2286	3.0	1.0991791
2287	3.0	1.0351664
2288	4.0	1.0032936
2289	4.0	0.8893058
229	4.0	1.0185201
2290	3.0	1.0018578
2291	4.0	0.9688073
2292	2.5	1.051315
2293	3.0	0.9255629
2294	4.0	0.9350649
2295	4.0	0.8707684
2296	2.0	1.1885028
2297	3.0	1.164363
2298	2.0	0.8338094
2299	4.0	0.5
23	3.0	1.0017128
230	4.0	0.92299783
2300	4.0	0.8769709
2301	4.0	1.0599911
2302	4.0	0.8828004
2303	4.0	1.0272821
2304	4.0	1.1338934
2305	4.0	1.2622731
2306	3.0	1.1826882
2307	3.0	1.125168
2308	2.0	0.0
2309	4.5	0.70710677
231	3.0	1.3213332
2310	4.0	0.9158574
2311	3.0	0.9466176
2312	4.0	0.84778553
2313	4.0	0.82440996
2314	3.0	1.372813
2315	2.0	1.2772061
2316	3.0	1.0229956
2317	2.5	1.0606601
2318	4.0	1.1556009
232	4.0	0.8058594
2320	3.0	0.9556312
2321	4.0	0.9234339
2322	3.0	1.0728172
2323	4.0	1.0555973
2324	5.0	0.9239796
2325	3.0	1.2948685
2326	3.0	1.2060454
2327	3.0	0.98857105
2328	3.0	1.1814765
2329	4.0	0.8522716
233	4.0	1.1318272
2330	4.0	0.9172004
2331	3.0	0.9860301
2332	3.5	1.4880476
2333	4.0	0.9509824
2334	3.0	0.9314576
2335	3.0	1.2190922
2336	4.0	0.8893801
2337	3.0	1.1954411
2338	2.0	1.1661271
2339	3.0	0.8738036
234	2.0	1.1028973
2340	3.0	1.0649424
2341	3.0	0.9732142
2342	4.0	1.2720778
2343	2.0	0.0
2344	3.0	0.9926095
2345	3.0	0.84580916
2346	3.0	0.9638736
2347	4.0	0.7883531
2348	4.0	0.92125237
2349	4.0	0.84916896
235	4.0	1.0127805
2350	3.0	0.976328
2351	5.0	1.0541444
2352	4.0	0.95028365
2353	4.0	0.89485717
2354	3.0	1.2135674
2355	4.0	0.879284
2356	3.0	1.0511063
2357	4.0	0.709393
2358	4.0	0.8164966
2359	4.0	0.93881375
236	3.0	0.9718113
2360	5.0	0.92346364
2361	3.0	1.2939367
2362	3.0	1.3922343
2363	3.0	1.201918
2364	3.0	1.1364242
2365	3.0	1.2290732
2366	4.0	1.0168006
2367	3.0	1.0332085
2368	1.5	0.84202963
2369	3.0	1.0277908
237	3.0	1.0093496
2370	4.0	0.8730473
2371	4.0	1.0152851
2372	3.0	1.1132708
2373	2.0	1.0598705
2374	3.0	0.8884619
2375	3.0	1.0061626
2376	3.0	0.9123818
2377	3.0	1.1030765
2378	3.0	1.0646546
2379	2.0	1.0337173
238	3.0	1.3060035
2380	2.0	1.0122743
2381	2.0	1.0077931
2382	1.0	1.0061333
2383	1.0	0.9283217
2384	3.0	1.2393795
2385	3.0	0.9744007
2386	2.0	1.0980563
2387	3.0	1.2800742
2388	4.0	1.1872337
2389	3.0	1.1827972
239	3.0	1.189714
2390	4.0	0.95247674
2391	4.0	0.9397583
2392	2.0	1.0773082
2393	3.0	1.0130384
2394	4.0	0.9876184
2395	4.0	1.0705817
2396	4.0	0.9402552
2397	3.0	0.76484
2398	4.0	0.939331
2399	3.0	1.1138844
24	3.0	1.0674653
240	3.0	1.1205157
2400	3.0	0.9899831
2401	4.0	0.8205257
2402	3.0	1.0509288
2403	4.0	1.028881
2404	2.0	1.079744
2405	3.0	0.9449276
2406	4.0	0.8652061
2407	4.0	0.88551897
2408	3.0	0.9411621
2409	3.0	0.98978484
241	3.0	1.105294
2410	3.0	1.0532873
2411	3.0	1.1583564
2412	2.0	1.1211237
2413	3.0	1.1382751
2414	3.0	0.89117634
2415	3.0	1.0141851
2416	3.0	1.0252686
2417	3.0	1.005354
2418	3.0	0.94538075
2419	3.0	0.9483687
242	4.0	1.0433636
2420	3.0	0.8902394
2421	3.0	0.9639303
2422	2.0	0.94166106
2423	4.0	1.0792797
2424	3.0	1.037854
2425	4.0	0.854864
2426	3.0	1.3722941
2427	3.0	1.21528
2428	3.0	1.040833
2429	3.0	0.9962531
243	2.5	0.99442893
2430	3.0	1.0781434
2431	3.0	1.2131124
2432	3.0	0.9586638
2433	3.0	0.8552476
2434	4.0	0.86292106
2435	3.0	1.175227
2436	4.0	1.0660354
2437	4.0	0.78233296
2438	4.0	0.0
2439	4.0	0.9744335
244	2.0	0.87559503
2440	4.0	1.0514076
2441	3.0	0.99923044
2442	4.0	0.85818297
2443	4.0	1.0671725
2444	4.0	1.0
2445	3.0	1.0065502
2446	3.0	1.1475837
2447	3.0	1.0903307
2448	2.0	1.0841026
2449	1.0	0.841825
245	3.0	1.0
2450	2.0	1.0839365
2451	3.0	1.1093785
2452	1.0	1.2042809
2453	3.0	0.94112396
2454	3.0	1.0482779
2455	4.0	0.9906031
2456	2.0	1.0037194
2457	3.0	0.8873755
2458	3.0	1.0055304
2459	3.0	1.3324485
246	4.0	0.8375339
2460	2.0	1.2318548
2461	2.0	1.0970852
2462	1.0	1.161489
2463	4.0	0.9435876
2464	2.5	0.7440238
2465	2.0	1.0238162
2466	3.0	0.9674179
2467	4.0	0.91231596
2468	3.0	1.1580521
2469	3.0	0.93476826
247	4.0	0.95641685
2470	3.0	0.8822421
2471	3.0	0.97015387
2472	3.0	0.70677614
2473	2.0	0.91476095
2474	4.0	0.8150963
2475	3.0	0.9111618
2476	3.0	0.8958221
2477	2.0	0.9947598
2478	3.0	1.1236186
2479	2.0	1.0198869
248	3.0	1.0071152
2480	4.5	0.70710677
2481	4.0	0.8811757
2482	3.0	1.1547005
2483	2.0	1.7058722
2484	2.0	0.0
2485	3.0	0.9913124
2486	2.0	0.6666667
2487	3.0	1.1338934
2488	4.0	1.0136325
249	4.0	0.9441991
2490	4.0	0.92827195
2491	3.0	1.1704472
2492	3.0	1.1519432
2493	4.0	1.0079052
2494	4.0	0.9198662
2495	4.0	1.1905105
2496	3.0	0.954874
2497	3.0	1.2000697
2498	2.0	1.0989314
2499	4.0	1.1107591
25	4.0	1.0935081
250	3.0	1.1919268
2500	3.0	1.1298667
2501	4.0	0.8497337
2502	4.0	0.9785834
2503	5.0	0.5
2504	3.0	1.1119641
2505	3.0	1.1134318
2506	4.0	1.1406105
2507	3.0	1.4074028
2509	3.0	0.94280905
251	3.0	0.95828
2510	4.0	0.57735026
2511	4.0	0.89941263
2512	4.0	1.3529263
2513	3.0	1.1348659
2514	2.0	1.1289763
2515	1.0	0.9769207
2516	1.0	1.0861851
2517	3.0	0.985075
2518	4.0	0.9149541
2519	3.0	1.1190143
252	3.0	0.8875186
2520	3.0	1.0919096
2521	3.0	1.0617076
2522	2.0	0.9612755
2523	2.0	0.9496622
2524	3.0	0.9730443
2525	2.0	1.0560895
2526	2.0	0.96241766
2527	4.0	0.9905611
2528	4.0	0.9481969
2529	4.0	1.0234109
253	4.0	1.0340611
2530	3.0	1.0572929
2531	3.0	1.0506977
2532	3.0	1.0836707
2533	3.0	1.0529492
2534	3.0	0.79981613
2535	3.0	0.94455314
2536	2.0	0.8750804
2537	2.0	0.8507101
2538	4.0	1.67332
2539	3.0	0.9293246
254	3.0	0.818092
2540	3.0	0.9994829
2541	3.0	1.0629755
2542	4.0	0.9995563
2543	3.5	0.70710677
2544	3.0	0.80845207
2545	3.0	1.3371159
2546	3.0	0.9174508
2548	2.0	1.0584563
2549	2.0	1.1667253
255	2.0	1.0795838
2550	4.0	1.2219347
2551	3.0	1.1180214
2552	2.0	1.1816921
2553	3.0	0.99129045
2554	3.0	1.1147653
2555	1.0	0.9604439
2556	3.0	0.0
2557	4.0	1.5165751
2558	3.0	0.9488654
2559	3.0	1.2787993
256	3.0	1.0461793
2560	3.0	1.2148321
2561	3.0	0.95598984
2562	4.0	1.6414763
2563	3.0	0.0
2565	4.0	0.9144293
2566	3.0	1.1742429
2567	3.0	0.8792152
2568	2.0	0.9941803
2569	4.0	1.0929065
257	3.0	1.0645959
2570	4.0	0.9876445
2571	5.0	0.9309184
2572	4.0	0.9898153
2573	3.0	0.9186793
2574	3.0	1.0252138
2575	4.0	0.9710083
2576	2.0	1.0
2577	3.0	0.7628962
2578	3.5	0.57735026
2579	4.0	0.9403385
258	2.0	1.1622251
2580	4.0	0.9234938
2581	3.0	0.98896945
2582	3.0	1.2042079
2583	4.0	1.0127034
2584	3.0	0.0
2585	4.0	1.010363
2586	3.0	1.171893
2587	3.0	0.9219176
2589	3.0	1.1161468
259	3.0	1.0122527
2590	3.0	1.1290804
2591	2.0	1.4142135
2592	3.0	0.0
2593	4.0	1.0451971
2594	4.0	1.0928594
2596	4.0	1.0861158
2597	3.0	1.1214671
2598	3.0	0.9913612
2599	4.0	0.92685044
26	4.0	0.94767123
260	5.0	0.8007807
2600	3.0	1.1785675
2602	3.0	1.3291601
2605	3.0	0.98631996
2606	3.0	1.2984388
2607	4.0	0.9421362
2608	3.0	0.5477226
2609	4.0	0.83159024
261	4.0	0.93242127
2610	4.0	0.8998645
2611	4.0	0.90150243
2612	4.0	0.7932174
2613	3.0	1.0007242
2614	2.0	0.925045
2615	3.0	0.96750075
2616	3.0	0.9904626
2617	3.0	1.1056306
2618	4.0	0.99394304
2619	3.0	0.0
262	4.0	0.9887852
2620	4.0	0.7862913
2621	4.0	1.026503
2622	3.0	1.0100191
2623	3.0	1.2583058
2624	4.0	0.99606097
2625	3.0	1.1136994
2626	4.0	1.0923723
2627	4.0	1.0894096
2628	4.0	1.1257496
2629	3.0	1.0411129
263	4.0	1.0079052
2630	4.0	1.1207576
2631	2.0	1.0
2632	4.0	1.5550504
2633	4.0	1.1373878
2634	3.0	1.0493882
2635	3.0	1.1967698
2636	3.0	1.0500305
2637	3.0	1.1086779
2638	3.0	1.1338934
2639	3.0	1.0550263
264	4.0	1.3038405
2640	4.0	0.92372626
2641	3.0	0.9827879
2642	2.0	0.96619904
2643	2.0	0.99375165
2644	4.0	1.1022359
2645	3.0	1.1388295
2646	3.0	1.1960348
2647	3.0	1.2051923
2648	4.0	0.97847664
2649	3.0	1.1054933
265	4.0	1.0009706
2650	3.0	1.2507573
2651	3.0	1.1344434
2652	3.0	1.2937254
2653	3.0	1.2058703
2654	4.0	0.95915926
2655	1.0	1.0877333
2656	3.0	1.1511841
2657	3.0	1.2601773
2658	3.0	1.3003496
2659	3.0	1.0177175
266	4.0	1.091249
2660	4.0	1.1013836
2661	3.0	1.1345129
2662	4.0	0.87587094
2663	3.0	1.0714666
2664	4.0	0.9832595
2665	4.0	1.1040442
2666	3.0	1.2279806
2667	2.5	1.1821418
2668	3.0	0.9508499
2669	4.0	0.91462386
267	3.0	1.2282224
2670	4.0	0.7402332
2671	4.0	0.99570435
2672	3.0	1.017784
2673	4.0	1.4638501
2674	3.0	1.2575923
2675	4.0	1.3498971
2676	3.0	1.0299804
2677	4.0	1.0027586
2678	3.0	1.0923979
2679	3.0	1.1401755
268	3.5	0.8533242
2681	4.0	1.198005
2682	4.0	0.8353945
2683	3.0	1.1510631
2685	3.0	0.8164966
2686	4.0	0.95533395
2687	4.0	1.0328432
2688	3.0	0.9913403
2689	3.0	1.1153038
269	4.0	0.81319094
2690	4.0	0.9565093
2691	3.0	1.0990427
2692	4.0	0.8711691
2693	4.0	0.96445477
2694	3.0	1.074754
2695	2.0	1.0787197
2696	4.0	1.1580368
2697	4.0	0.8688359
2699	3.0	0.97177905
27	3.0	0.9809664
270	3.0	1.0794472
2700	4.0	1.2353796
2701	2.0	1.0652045
2702	3.0	1.0495529
2703	3.0	0.0
2704	3.0	1.3113017
2705	3.0	1.7994708
2706	4.0	1.087019
2707	4.0	1.0058956
2708	4.0	0.91649497
2709	3.0	1.0925848
271	3.0	0.93078434
2710	3.0	1.3163677
2711	4.0	0.9816872
2712	3.0	1.2596235
2713	2.0	1.107603
2714	3.0	1.0025362
2715	2.0	1.1097755
2716	4.0	0.8842513
2717	3.0	0.9875361
2718	3.0	1.1616387
2719	2.0	1.0725393
272	4.0	0.8835526
2720	2.0	1.0494422
2721	4.0	1.0981268
2722	3.0	1.070654
2723	3.0	1.1459794
2724	3.0	1.0375389
2725	4.0	1.0207258
2726	4.0	0.84576887
2727	3.5	0.761339
2728	4.0	0.87022614
2729	4.0	0.8642139
273	3.0	1.0819099
2730	4.0	1.1593884
2731	5.0	0.86989266
2732	4.0	1.0463386
2733	2.0	1.1979574
2734	3.0	0.9053632
2735	3.0	0.97141165
2736	3.0	0.88468003
2737	3.0	0.99603957
2738	4.0	0.9844622
2739	4.0	1.0421102
274	2.5	1.0134959
2740	3.0	0.99631673
2741	3.0	1.1179118
2742	2.0	0.0
2743	3.0	0.7696696
2744	4.0	0.93303525
2745	4.0	0.9447099
2746	3.0	1.0504217
2747	3.0	1.0620078
2748	2.0	0.9801048
2749	3.0	0.76895106
275	2.0	1.0304693
2750	4.0	0.93079007
2751	3.0	1.0292711
2752	3.0	0.9346446
2753	4.0	0.8264124
2754	2.0	0.9374369
2755	3.0	1.0766336
2756	3.0	0.8321901
2757	4.0	0.7809931
2758	3.0	1.0032207
2759	3.0	0.9941254
276	3.0	0.98559844
2760	3.0	1.5118579
2761	4.0	0.93985605
2762	5.0	0.8010224
2763	4.0	0.94340324
2764	4.0	1.0355681
2765	3.0	1.3801311
2766	4.0	0.87038827
2767	3.0	1.2556539
2768	4.0	1.1657505
2769	3.0	1.07144
277	3.0	0.95875615
2770	3.0	0.9918307
2771	3.0	1.0258107
2772	3.0	1.1060867
2773	3.0	1.3280573
2774	4.0	1.1780663
2775	3.0	1.2666473
2776	4.0	1.3634421
2777	1.0	1.4142135
2778	3.0	0.86957324
2779	4.0	0.8647791
278	3.0	0.9540736
2780	3.0	1.1345097
2781	3.0	1.1293687
2782	4.0	0.9845393
2783	2.5	0.9660918
2784	3.0	1.0185177
2785	3.0	1.171893
2786	2.0	1.1475632
2787	3.0	0.87199265
2788	4.0	0.8048143
2789	3.0	1.0211004
279	4.0	0.9812247
2790	3.0	0.9641101
2791	4.0	0.9838452
2792	3.0	1.0420109
2793	3.0	1.1265672
2794	3.0	1.0917093
2795	4.0	0.9486959
2796	3.0	1.0812204
2797	4.0	0.8853761
2798	2.0	0.97484076
2799	1.0	1.002265
28	4.0	0.8722995
280	4.0	0.8596778
2800	3.0	1.3965015
2801	4.0	1.0683595
2802	3.0	0.873316
2803	3.0	0.9614545
2804	4.0	0.9006263
2805	3.0	0.9497791
2806	3.0	1.073607
2807	1.0	0.88619864
2808	3.0	1.0259937
2809	2.5	1.1909748
281	4.0	0.85384935
2810	4.0	1.1043153
2811	4.0	0.0
2812	3.0	0.97033286
2813	4.0	1.2327629
2814	3.0	0.51754916
2815	3.0	0.98760945
2816	2.0	0.8463499
2817	1.0	0.9537701
2818	1.0	0.83644307
2819	4.0	0.7657574
282	3.0	1.1133928
2820	4.0	1.1008639
2821	2.0	1.1547005
2822	3.0	1.0006819
2823	2.0	1.9148542
2824	4.0	0.7300459
2825	2.5	2.0615528
2826	3.0	1.1404206
2827	2.0	1.0621359
2828	2.0	1.0785921
2829	3.0	1.0212107
283	3.0	1.0289915
2830	4.0	1.3684763
2831	3.5	1.2817398
2833	4.0	1.36626
2834	4.0	1.2935233
2835	3.0	0.9716768
2836	3.0	0.8601788
2837	4.0	1.16087
2839	4.0	0.6749486
2840	3.0	1.1342746
2841	4.0	0.8772192
2842	3.5	0.9422956
2843	4.0	1.057628
2844	3.0	1.0836319
2845	1.0	0.0
2846	3.0	0.99265283
2847	4.0	0.9139077
2848	4.0	0.92063075
2849	3.0	0.99654573
2850	2.0	1.3801311
2851	2.0	0.9326854
2852	4.0	0.7252062
2853	3.0	1.13331
2854	3.0	1.0269107
2855	2.0	0.8232726
2856	3.0	1.1394634
2857	4.0	1.0754288
2858	5.0	0.9751335
2859	4.0	0.77480996
286	3.0	0.0
2860	3.0	0.9979987
2861	3.0	1.2110945
2862	3.0	1.1755946
2863	4.0	1.0074459
2864	3.0	1.3067793
2865	3.0	0.99868333
2866	4.0	0.7676654
2867	4.0	1.0035883
2868	2.0	0.9441658
2869	3.0	1.5275252
287	3.0	0.9952267
2870	4.0	0.799294
2871	4.0	0.9306028
2872	4.0	0.96982884
2873	3.0	0.8387271
2874	4.0	0.9432087
2875	3.0	1.0499098
2876	3.0	1.232182
2877	3.0	1.0532429
2878	2.0	1.1627768
2879	3.0	0.9489435
288	3.0	1.3071976
2880	4.0	1.033761
2881	3.0	1.0492576
2882	3.0	1.2780817
2883	4.0	0.9452246
2884	3.0	0.88738745
2885	3.0	0.93153614
2886	2.0	1.3469944
2887	2.0	1.2583058
2888	3.0	1.215435
2889	4.0	0.9544842
289	3.0	0.92228013
2890	4.0	0.99557316
2891	4.0	1.0006461
2892	2.0	1.3142575
2893	3.0	1.328898
2894	3.0	0.9755065
2895	3.0	0.0
2896	3.0	0.90486634
2897	3.5	1.2513151
2898	3.0	1.0116771
2899	4.0	0.9693201
29	4.0	0.99682224
290	4.0	0.950365
2900	3.0	1.1091796
2901	3.0	1.1609097
2902	2.0	0.98444813
2903	2.0	0.9456624
2904	4.0	1.2004901
2905	5.0	0.5994456
2906	2.0	1.0357156
2907	2.0	1.2374446
2908	4.0	1.0191514
2909	4.0	0.0
291	2.0	0.98840797
2911	4.0	1.3801311
2912	4.0	1.000272
2913	3.0	1.4037764
2914	2.0	1.1677485
2915	4.0	0.9059012
2916	4.0	0.9356807
2917	4.0	0.83593744
2918	4.0	0.8623628
2919	4.0	0.88099706
292	3.0	0.9321625
2920	4.0	0.9287224
2921	4.0	0.85440296
2922	4.0	0.79467016
2923	3.0	0.79520625
2924	4.0	1.0477873
2925	4.0	0.96394914
2926	3.0	1.0625826
2927	4.0	0.99669623
2928	3.0	1.0209695
2929	4.0	1.0971699
293	4.0	0.861061
2930	5.0	0.8944272
2931	5.0	1.0593499
2932	4.0	1.0160596
2933	4.0	1.3333334
2934	2.0	1.5165751
2935	4.0	0.93761337
2936	4.0	0.93408537
2937	4.5	0.8205264
2938	4.0	1.2101719
2939	3.5	0.98019606
294	3.0	0.9830149
2940	4.0	0.8954321
2941	4.0	0.9434605
2942	3.0	1.0505505
2943	4.0	0.8878769
2944	4.0	0.82539994
2945	3.0	1.0202967
2946	4.0	0.96316814
2947	4.0	0.8420097
2948	4.0	0.824644
2949	4.0	0.8134944
295	3.0	0.8304548
2950	2.0	1.033886
2951	4.0	0.82077485
2952	4.0	0.8978161
2953	2.0	1.075589
2955	1.5	1.4142135
2956	3.0	0.90411645
2959	4.0	1.0800239
296	5.0	0.9799745
2960	3.0	1.2583058
2961	3.0	1.1696746
2962	3.0	1.3498971
2963	4.0	0.9851844
2964	3.5	1.5569979
2965	2.0	1.0873436
2966	4.0	0.8999706
2967	4.0	0.99177974
2968	4.0	0.9967561
2969	4.0	0.9960851
297	3.0	1.2863755
2970	4.0	0.89579046
2971	4.0	1.0096171
2972	4.0	1.0382122
2973	4.0	0.8952185
2974	1.0	1.0673816
2975	3.0	1.1275712
2976	3.0	1.1958618
2977	3.0	1.2399088
2978	3.0	1.0170823
2979	2.0	1.1263964
298	4.0	0.66831154
2981	4.0	1.279881
2982	2.0	0.9806086
2983	4.0	0.9013022
2984	4.0	1.3333334
2985	4.0	0.9936154
2986	2.0	0.98185605
2987	4.0	0.9647795
2988	4.0	0.79081565
2989	4.0	0.8771865
299	4.0	1.0066264
2990	3.0	0.96770775
2991	4.0	0.84681284
2992	3.0	1.2075034
2993	4.0	0.8364346
2994	3.5	1.0801234
2995	2.0	1.0746664
2996	4.0	1.1952286
2997	4.0	1.018526
2998	4.0	1.3301244
2999	4.0	0.8164966
3	3.0	1.0717119
30	4.0	1.0126925
300	4.0	0.8109751
3000	4.0	0.9484701
3001	2.0	0.5163978
3002	4.0	0.88687915
3003	3.5	1.2817398
3004	2.5	1.0691262
3005	3.0	0.95619917
3006	4.0	0.85727924
3007	4.0	1.0431926
3008	4.0	1.0784885
301	3.0	0.9394751
3010	4.0	1.0346923
3011	4.0	0.9494765
3012	3.0	1.5055453
3013	3.0	1.1608601
3014	3.0	1.0769697
3015	3.0	0.90742856
3016	3.0	0.9178384
3017	3.0	1.0516444
3018	4.0	1.2002949
3019	4.0	0.9056479
302	4.0	0.9642019
3020	4.0	1.0234416
3021	3.0	1.4373145
3022	5.0	0.91053766
3024	2.0	1.0738999
3025	3.0	0.9944903
3026	1.0	1.069045
3027	1.0	0.37796447
3028	4.0	1.0256333
3029	3.0	0.89018285
303	3.0	0.99369806
3030	5.0	0.85323834
3031	2.0	1.1162477
3032	4.0	1.0014304
3033	3.0	1.1716157
3034	4.0	0.9573091
3035	4.0	0.818786
3036	3.0	1.1550457
3037	4.0	0.8445801
3038	4.0	0.8272703
3039	4.0	0.8066585
304	3.0	1.0611552
3040	3.0	1.0024034
3041	1.0	0.8609577
3042	1.0	0.86658037
3043	1.0	1.1319939
3044	4.0	0.8594503
3045	3.0	1.0126321
3046	4.0	0.95896184
3047	3.5	0.7838234
3048	2.0	1.083626
3049	3.0	0.9833448
305	3.0	1.0302875
3050	3.5	1.360147
3051	3.0	0.93408537
3052	4.0	1.1123374
3053	3.0	1.175603
3054	1.0	1.2139126
3055	4.0	1.0031567
3056	4.0	0.5163978
3057	4.0	0.0
3058	2.5	1.1146408
306	4.0	0.8780038
3060	4.0	0.82614905
3061	4.0	0.88176996
3062	4.0	0.8765965
3063	3.0	1.0002085
3064	2.5	1.1571443
3065	4.0	0.0
3066	4.0	0.97815466
3067	4.0	0.882129
3068	4.0	0.75965947
3069	4.0	0.7719842
307	4.0	0.9351484
3070	3.0	1.1615919
3071	4.0	0.7731469
3072	4.0	0.99771315
3073	3.0	1.0905933
3074	4.0	0.99557745
3075	4.0	0.88272226
3076	4.0	0.95075077
3077	4.0	0.9062652
3078	4.0	0.92296493
3079	4.0	0.8457693
308	4.0	0.92708665
3081	4.0	0.9395814
3082	3.0	0.9728918
3083	4.0	0.97430867
3084	3.5	0.70710677
3085	2.5	2.1213202
3086	4.0	1.0938944
3087	3.0	0.90603745
3088	4.0	0.86419153
3089	5.0	0.7930403
309	4.0	1.0945951
3090	4.0	0.8238936
3091	4.0	0.83944064
3092	4.0	1.1239029
3093	4.0	1.124858
3094	4.0	0.96318364
3095	4.0	0.9391025
3096	4.0	0.8586387
3097	4.0	0.8372117
3098	4.0	0.87474704
3099	3.0	1.0173564
31	3.0	0.9643073
310	2.5	1.2110602
3100	4.0	0.9411245
3101	4.0	0.9277506
3102	4.0	0.860614
3103	3.0	0.89580035
3104	4.0	0.8623775
3105	4.0	0.8584257
3106	3.0	1.1284207
3107	3.0	0.8930079
3108	4.0	1.0246633
3109	3.0	0.9166667
311	3.0	0.0
3110	3.0	0.9662878
3111	4.0	0.9182889
3112	3.0	1.1186357
3113	3.0	1.0839958
3114	4.0	0.89295506
3115	3.0	1.0796472
3116	3.0	1.00905
3117	3.0	1.1265105
3118	4.0	0.9151662
3119	1.0	1.1547005
312	2.0	1.1051171
3120	3.0	0.9399375
3121	3.5	0.9217772
3122	3.0	0.6768516
3123	1.0	0.0
3124	4.0	1.1473445
3125	4.0	1.1252135
3126	4.0	0.0
3127	4.0	1.1117729
3128	3.0	0.986179
3129	4.0	0.9112526
313	3.0	1.1601344
3130	2.0	0.95000327
3131	3.5	0.70710677
3132	4.0	0.8517408
3133	4.0	1.1106077
3134	5.0	0.9784069
3135	4.0	0.88947797
3136	4.0	1.7320508
3137	4.0	0.75
3138	3.0	1.0110116
3139	3.0	1.1850789
314	4.0	0.94364625
3140	4.0	1.5092309
3141	3.0	0.94829303
3142	3.0	1.0953362
3143	4.0	1.0453722
3144	3.0	0.93040115
3145	3.0	1.0335574
3146	3.0	1.226337
3147	4.0	0.9174656
3148	4.0	0.8978645
3149	2.0	1.3333334
315	3.0	1.1993433
3150	4.0	1.1422794
3151	2.0	0.0
3152	4.0	0.89966553
3153	4.0	0.9315307
3154	3.0	0.75592893
3155	4.0	1.0012203
3156	3.0	1.2455325
3157	3.0	1.0278398
3158	4.0	0.9172991
3159	4.0	1.0631655
316	4.0	1.0017436
3160	4.0	1.1322169
3161	3.0	1.0202626
3162	3.0	0.9807674
3163	4.0	1.1537788
3164	4.0	0.0
3165	3.0	1.0354377
3166	1.0	0.4082483
3167	4.0	0.9616411
3168	4.0	0.98919356
3169	4.0	0.83381313
317	3.0	1.0242358
3171	4.0	0.7023769
3172	5.0	0.0
3173	3.0	1.065584
3174	4.0	1.0211434
3175	4.0	0.9567085
3176	4.0	1.0804951
3177	3.0	1.0730218
3178	4.0	0.9488406
3179	3.0	1.0101273
318	5.0	0.7004431
3180	2.0	0.9570486
3181	4.0	1.1532238
3182	4.0	0.9744642
3183	4.0	1.072145
3184	3.0	1.0
3185	4.0	1.079255
3186	4.0	0.98067445
3187	3.0	1.0
3188	4.0	1.0750977
3189	4.0	0.934004
319	4.0	0.87850016
3190	2.0	0.98875666
3192	4.0	0.7755316
3194	3.0	1.0697062
3196	4.0	0.78704786
3197	3.0	0.86020476
3198	4.0	0.79781276
3199	3.0	0.9517918
32	4.0	0.9641075
320	3.0	1.0429293
3200	4.0	0.8854568
3201	4.0	0.95161575
3202	1.0	0.0
3203	4.0	0.8689201
3204	4.0	0.85287625
3205	1.5	1.8929695
3206	3.0	1.0180643
3207	3.0	0.83666
3208	3.0	1.1402854
3209	1.0	0.0
321	4.0	0.9426158
3210	4.0	0.94156736
3211	4.0	0.76946384
3212	2.5	0.70710677
3213	4.0	1.0550952
3214	3.0	0.9323095
3215	3.0	1.0787197
3216	4.0	2.081666
3217	3.0	0.9930159
3218	3.0	1.029798
3219	3.0	0.9070306
322	4.0	1.0066489
3220	2.0	0.0
3221	3.0	1.1807153
3222	4.0	0.7914776
3223	4.0	1.0527936
3224	4.0	0.971923
3225	3.0	1.30531
3228	1.0	0.0
3229	4.0	0.0
3230	4.0	0.87781703
3232	5.0	1.7320508
3233	5.0	0.0
3235	3.0	1.183216
3236	3.5	2.1213202
3237	1.0	0.0
3238	2.0	1.1191196
3239	2.0	1.0097126
324	4.0	0.76993704
3240	3.0	1.0084867
3241	4.0	1.0235326
3242	4.0	0.57735026
3243	3.0	1.0390478
3244	4.0	0.8933362
3245	5.0	0.4472136
3246	4.0	0.9065459
3247	3.0	1.0370325
3248	3.0	1.0607966
3249	3.0	0.9803023
325	2.0	1.1736912
3250	3.0	0.84716934
3251	3.0	0.9362485
3252	4.0	0.9627059
3253	4.0	0.94087934
3254	3.0	0.9744732
3255	4.0	0.86484545
3256	4.0	0.82263994
3257	3.0	1.0366325
3258	3.0	1.0279897
3259	3.0	0.9873713
326	5.0	0.8343709
3260	4.0	0.9657946
3261	4.0	0.8580554
3262	3.0	1.2443616
3263	3.0	0.9381775
3264	3.0	1.0035998
3265	4.0	0.9281014
3266	4.0	1.0929356
3267	4.0	0.93324155
3268	1.0	1.0125693
3269	3.0	0.9362838
327	3.0	1.2776954
3270	3.0	0.93172723
3271	4.0	0.82835466
3272	3.0	1.1525835
3273	3.0	1.1402498
3274	3.0	0.8923225
3275	4.0	1.175224
3276	3.0	1.0374625
3277	4.0	0.0
328	3.0	1.0518788
3280	5.0	0.0
3281	4.0	0.8154545
3282	4.0	0.8232726
3283	3.0	0.5163978
3284	4.0	1.0313275
3285	3.0	1.086832
3286	2.0	1.0774128
3287	3.0	1.1302097
3288	3.5	1.4142135
3289	4.0	1.0406518
329	3.0	0.9657772
3290	3.0	0.0
3291	2.0	0.0
3292	4.0	0.7527726
3293	3.0	1.1401755
3294	2.5	2.1213202
3295	3.5	0.70710677
3296	4.0	0.8363947
3297	2.0	0.0
3298	4.0	0.90135133
3299	2.0	0.97581136
33	3.0	0.8164966
330	3.0	1.08821
3300	3.0	1.0756761
3301	3.0	0.9632583
3302	3.0	1.0731585
3303	4.0	1.3784049
3304	4.0	0.8915185
3305	4.0	0.0
3306	4.0	1.0826364
3307	5.0	0.82623047
3308	3.0	0.8793377
3309	4.0	1.3077251
331	3.0	0.83094895
3310	4.0	1.0733293
3311	4.0	0.85723305
3312	1.0	0.0
3313	2.0	0.8506963
3314	3.5	1.7078252
3315	2.0	0.0
3316	3.0	1.0695715
3317	4.0	0.8804727
3318	3.0	1.0516367
3319	3.0	1.13331
332	3.0	1.0720909
3320	4.0	1.1000459
3321	2.0	0.0
3322	3.0	1.2583058
3323	3.0	0.0
3324	3.0	1.1871047
3325	2.0	1.1086956
3326	3.0	1.1092411
3327	4.0	1.2606854
3328	4.0	1.0655115
3329	4.0	0.7862783
333	4.0	1.1431711
3330	4.0	0.9459246
3331	2.0	1.05081
3333	4.0	1.1547005
3334	4.0	0.78417456
3335	3.0	1.230915
3336	3.0	0.0
3337	3.5	0.70710677
3338	5.0	0.89155585
3339	4.0	0.75885326
334	4.0	1.0380137
3340	3.0	1.358778
3341	4.0	0.8143708
3342	4.0	0.9285464
3343	2.0	1.0299988
3344	3.0	1.1424811
3345	3.0	0.8148813
3346	3.0	1.0954452
3347	4.0	0.721782
3349	4.0	1.118034
335	4.0	0.89782935
3350	4.0	0.85533994
3351	3.0	1.0997835
3352	3.0	0.57735026
3353	4.0	0.0
3354	3.0	1.1175041
3355	3.0	1.1076807
3357	4.0	1.122007
3358	4.0	1.0131598
3359	4.0	0.7981285
336	2.0	1.15723
3360	4.0	0.87804276
3361	4.0	0.9195544
3362	4.0	0.8331393
3363	4.0	0.8408895
3364	4.0	0.83346134
3365	4.0	0.97341716
3366	4.0	0.7847168
3367	3.0	0.8735057
3368	4.0	1.0185177
337	4.0	0.90162
3370	3.0	0.7902449
3371	4.0	1.0305613
3372	4.0	0.8072319
3373	3.0	0.57735026
3374	3.0	0.8280787
3375	3.0	1.0349656
3376	1.0	0.0
3377	3.5	0.70710677
3378	3.0	0.5
3379	4.0	0.86747885
338	3.0	1.0289915
3380	4.0	1.7320508
3381	3.5	0.70710677
3382	5.0	0.0
3384	4.0	0.81361115
3385	3.0	0.9213773
3386	4.0	0.9911722
3387	3.0	1.0192395
3388	3.0	0.9784241
3389	3.0	0.983867
339	4.0	0.93720204
3390	1.0	0.9242114
3391	2.0	1.0331671
3392	2.0	1.0107216
3393	2.0	1.077397
3394	3.0	1.0173814
3395	3.0	0.9182035
3396	4.0	0.9479109
3397	4.0	0.91871065
3398	4.0	0.97504663
3399	3.0	1.1289488
34	4.0	1.0379604
340	3.0	0.93591255
3400	3.0	1.2711269
3401	2.0	0.92931265
3402	3.0	0.7751068
3403	3.0	0.9064064
3404	4.0	1.1338142
3405	4.0	0.8351961
3406	4.0	0.82951504
3407	1.0	1.1547005
3408	4.0	0.895887
3409	3.0	1.0807552
341	4.0	1.0359142
3410	4.0	0.70710677
3412	3.0	1.0251356
3413	3.5	0.70710677
3414	3.0	0.94350624
3415	4.0	1.3702081
3416	4.0	1.2395445
3417	4.0	0.9836951
3418	4.0	0.9655729
3419	3.0	1.1435437
342	4.0	0.9962796
3420	4.0	0.87811023
3421	4.0	0.97676426
3422	3.0	0.9693879
3423	3.0	1.069589
3424	4.0	0.9896423
3425	3.0	0.98906714
3426	3.0	0.9710659
3427	3.0	0.7635
3428	3.0	1.0895069
3429	5.0	0.791691
343	2.0	1.2905445
3430	3.0	1.0324237
3431	3.0	1.1586963
3432	2.0	1.1257931
3433	2.0	1.2546015
3434	2.0	1.329178
3435	5.0	0.74079293
3436	3.0	1.0090327
3437	1.0	1.4770979
3438	3.0	1.0945878
3439	2.0	1.0879712
344	3.0	1.1404815
3440	2.0	1.0232673
3441	3.0	1.0114028
3442	2.0	0.95017576
3443	4.0	0.83666
3444	3.0	1.1350818
3445	3.0	0.86709327
3446	4.0	1.1858363
3447	4.0	1.1034162
3448	4.0	0.84799486
3449	3.0	0.9687635
345	4.0	1.0099328
3450	3.0	0.9840623
3451	4.0	0.8527051
3452	3.0	1.0065336
3453	2.0	1.1393017
3454	2.0	1.0359005
3456	4.0	1.0735008
3457	3.0	1.1922156
3458	3.0	0.0
3459	3.0	1.1653376
346	4.0	0.9523302
3460	1.0	0.0
3461	4.0	0.9807164
3462	4.0	0.8866764
3463	2.0	0.6324555
3464	2.0	1.2343761
3465	3.0	0.87820375
3466	4.0	0.90423715
3467	4.0	0.90536165
3468	4.0	0.7372978
3469	4.0	0.8072963
347	3.0	1.1982274
3470	4.0	0.75750744
3471	4.0	0.90007514
3472	1.5	0.9574271
3473	3.5	1.0179547
3474	3.0	0.9105859
3475	4.0	0.8353714
3476	4.0	1.0644528
3477	3.0	1.1441779
3478	3.0	0.83074695
3479	4.0	0.9272995
348	4.0	0.95001674
3480	4.0	0.8911425
3481	4.0	0.94876206
3482	3.0	1.0
3483	3.0	1.110581
3484	3.0	1.1610155
3485	1.5	0.70710677
3486	3.5	1.3703203
3487	4.0	0.9901845
3488	1.5	1.1126972
3489	3.0	1.0708377
349	4.0	0.82413125
3490	2.0	1.3666189
3491	3.0	1.0209918
3492	4.0	1.0894096
3493	1.0	0.0
3494	4.0	0.9334434
3495	4.0	0.8660254
3496	3.0	0.96611196
3497	3.0	0.96648896
3498	4.0	0.8206237
3499	4.0	0.89491576
35	3.0	0.90957636
350	3.0	0.8741521
3500	3.0	1.023322
3501	4.0	0.99751395
3502	3.5	1.0056658
3503	4.0	1.1304199
3504	4.0	0.9106479
3505	4.0	0.8721941
3506	3.0	0.8598072
3507	4.0	0.80999804
3508	4.0	0.86649895
3509	3.0	1.047601
351	3.0	1.0305257
3510	4.0	0.9306754
3511	3.0	1.1763996
3512	4.0	0.97506374
3513	3.0	0.9024597
3514	3.0	1.0588201
3515	3.0	1.1873019
3516	4.0	0.8840413
3517	4.5	0.70710677
3518	3.0	0.9721848
3519	3.0	0.901949
352	3.0	1.1269004
3520	3.0	1.3425422
3521	4.0	0.91973656
3522	4.0	1.0
3523	3.0	1.2464235
3524	3.0	1.0071523
3525	3.0	1.0139083
3526	4.0	0.8860243
3527	4.0	0.98349166
3528	3.0	1.1070962
3529	4.0	0.8995647
353	4.0	1.0927768
3530	4.0	0.0
3531	3.0	1.1596247
3532	4.0	1.1791846
3533	3.0	1.2535664
3534	3.0	0.92027813
3535	3.0	1.1906976
3536	4.0	0.8986116
3537	3.0	0.80605996
3538	4.0	0.93570936
3539	4.0	0.98777956
354	3.0	0.968056
3540	3.0	1.1745764
3542	3.0	1.4142135
3543	4.0	0.8711528
3544	3.0	1.280219
3545	4.0	1.0537868
3546	4.0	0.9835639
3547	4.0	0.80029047
3548	4.0	1.0047679
3549	4.0	1.0262662
355	2.0	1.0128987
3550	3.0	0.9881173
3551	4.0	0.7820672
3552	4.0	1.0442332
3553	3.0	1.0458475
3554	4.0	1.118018
3555	4.0	0.94125855
3556	4.0	0.9990252
3557	3.0	0.8883723
3559	4.0	0.9589266
356	4.0	1.0106641
3562	3.0	1.0763185
3563	2.0	0.9540736
3564	1.0	0.9561948
3565	3.0	1.0971489
3566	3.0	1.1005499
3567	3.0	0.8811757
3568	3.0	1.1509193
3569	4.0	1.5314521
357	4.0	0.93411785
3570	4.0	0.87559503
3571	4.0	1.1542133
3572	1.0	0.9267425
3573	1.0	0.7605666
3574	1.0	0.24253562
3575	4.0	1.1547005
3576	4.0	0.8725878
3577	3.0	1.0865121
3578	4.0	0.93478733
3579	2.0	1.2397959
358	3.0	1.0754231
3580	3.0	0.9975339
3581	3.0	0.89258236
3584	3.0	0.9561612
3585	4.0	0.9581903
3586	4.0	1.1655324
3587	3.0	1.286535
3588	3.5	0.9070254
359	3.0	0.85498196
3590	3.0	0.80405134
3591	3.0	0.87097746
3592	3.0	1.3093073
3593	1.0	0.95542556
3594	3.0	1.0469084
3595	3.0	1.8257419
3596	3.0	1.2949271
3597	3.0	1.2393692
3598	4.0	1.2234501
3599	4.0	1.019326
36	4.0	0.8673392
360	2.0	1.1046368
3600	3.0	1.0382493
3601	4.0	0.0
3602	3.0	0.82889974
3603	3.0	1.5275252
3604	4.0	0.9349888
3605	3.0	1.0247908
3606	4.0	0.8359778
3607	5.0	0.0
3608	4.0	1.1859328
3609	4.0	0.8164966
361	3.0	0.8640868
3610	3.0	0.99194616
3611	3.0	1.1629192
3612	4.0	1.1290318
3613	4.0	0.83840823
3614	3.0	0.85649925
3615	3.0	1.0182858
3616	2.0	1.088222
3617	3.0	1.1068102
3618	4.0	1.0109932
3619	3.0	1.0779464
362	3.0	0.9816179
3620	3.0	1.069045
3621	2.0	0.57735026
3622	4.0	0.8478653
3623	3.0	1.1114345
3624	4.0	0.95120096
3625	4.0	0.9810708
3626	2.0	1.3555756
3627	4.0	1.1923165
3628	4.0	0.86333454
3629	4.0	0.9165296
363	4.0	0.8084692
3631	3.0	0.57735026
3632	4.0	1.1047683
3633	3.0	0.9795258
3634	4.0	0.72963864
3635	4.0	0.8268935
3636	3.0	1.3944334
3637	4.0	0.8870412
3638	3.0	0.9923171
3639	4.0	0.8412859
364	4.0	0.96468484
3640	3.0	0.9962049
3641	2.5	1.4880476
3642	3.0	0.8623165
3643	4.0	0.80518126
3644	3.0	0.78590524
3645	4.0	1.3779306
3646	2.0	1.1247456
3647	4.0	0.0
3648	3.0	0.8660254
3649	3.0	0.9395422
365	3.0	0.9409101
3651	1.0	0.0
3652	3.0	1.2247449
3653	4.0	0.8720523
3654	4.0	0.7781376
3655	4.0	0.86402005
3656	5.0	0.0
3657	4.0	1.0327955
3658	4.0	1.1482222
3659	4.0	1.3785597
366	3.0	1.2376305
3660	3.0	1.1682696
3661	2.0	1.1192789
3662	2.0	1.1678833
3663	1.0	1.1308788
3664	1.0	1.060866
3665	1.0	1.1156234
3666	1.5	0.8164966
3667	2.0	0.8178677
3668	4.0	0.91539556
3669	3.0	1.0052178
367	3.0	1.0272982
3670	4.0	1.1105554
3671	4.0	0.9507034
3672	3.0	1.0249776
3673	3.0	1.2750711
3674	3.0	1.1162744
3675	4.0	0.9522852
3676	4.0	1.2663829
3677	4.0	0.98216414
3678	4.0	0.9156702
3679	4.5	0.8715796
368	4.0	0.9559916
3680	4.0	0.98696405
3681	4.0	0.85843116
3682	4.0	0.8092792
3683	4.0	0.82147515
3684	3.0	0.8885256
3685	4.0	0.92907554
3686	3.0	0.9194567
3687	2.0	0.0
3688	3.0	1.1565433
3689	2.0	1.0479391
369	3.0	0.97705066
3690	2.0	1.0787009
3691	3.0	0.9663322
3692	2.0	1.0597686
3693	3.0	1.2176853
3694	1.5	1.0218397
3695	1.0	1.0571479
3696	2.0	1.2123166
3697	3.0	1.0274758
3698	3.0	0.9193833
3699	4.0	0.9298002
37	4.0	1.4142135
370	3.0	1.0529976
3700	4.0	1.037476
3701	3.0	0.915587
3702	4.0	0.99282455
3703	4.0	1.0183055
3704	3.0	0.9711907
3705	3.0	0.94199204
3706	3.0	1.1111321
3707	3.0	1.0898458
3708	3.0	1.0091803
3709	2.0	0.958362
371	3.0	0.91638243
3710	2.0	0.9471337
3711	3.0	1.0234004
3712	3.0	0.97025615
3713	4.0	0.8187235
3714	3.0	0.95894754
3715	2.0	1.0923884
3716	2.0	0.95085
3717	3.0	1.1148573
3718	4.0	1.3728436
3719	3.0	1.177225
372	3.0	0.9456203
3720	4.0	1.0854927
3721	3.0	1.0598059
3722	2.0	0.0
3723	4.0	0.8750045
3724	4.0	0.8600143
3725	3.0	1.1287743
3726	4.0	1.0453628
3727	4.0	0.9203177
3728	4.0	0.84819436
3729	3.0	0.94143885
373	4.0	0.81735504
3730	4.0	0.82119644
3731	3.0	0.9034203
3732	3.0	1.0211053
3733	4.0	0.78915477
3734	4.0	0.92818576
3735	4.0	0.7672924
3736	4.0	1.151189
3737	4.0	1.069045
3738	3.0	0.85139906
3739	4.0	1.1654756
374	2.0	1.0498303
3740	4.0	1.0243344
3741	4.0	0.8932667
3742	4.0	1.0416037
3743	3.0	1.1727133
3744	3.0	0.9300377
3745	4.0	1.0966523
3746	4.0	1.2750474
3747	4.0	1.0293317
3748	3.0	1.4142135
3749	3.0	1.3200092
375	3.0	0.8488747
3751	4.0	0.9532512
3752	3.0	1.1797334
3753	4.0	1.065063
3754	2.0	1.2523055
3755	3.0	0.97543466
3756	3.5	0.6593805
3757	3.0	1.2862394
3758	3.0	1.1522417
3759	3.0	1.0939099
376	3.0	0.88746214
3760	4.0	1.0294205
3761	3.0	1.1049432
3762	1.0	0.57735026
3763	4.0	0.8500039
3764	3.0	0.9417281
3765	3.0	1.0534049
3766	3.0	1.0398773
3767	2.0	1.0155163
3768	2.0	1.0660299
3769	3.0	0.9285382
377	4.0	0.96495
3770	4.0	0.8512587
3771	3.0	0.879996
3772	1.0	1.1547005
3773	3.0	0.99226457
3774	2.0	0.9079674
3775	3.5	1.2085223
3776	3.5	1.1671841
3777	2.0	1.2504544
3778	2.5	1.4719602
3779	3.0	0.0
378	3.0	0.9869394
3780	3.0	1.319183
3781	2.0	1.3500593
3782	3.0	1.1485813
3783	4.0	0.81856525
3784	3.0	1.1470584
3785	3.0	1.2240243
3786	3.0	1.077591
3787	4.0	1.1195786
3788	4.0	0.98565286
3789	4.0	0.87561864
379	3.0	1.0156428
3790	4.0	1.0763046
3791	3.0	0.9779442
3792	4.0	1.0330986
3793	4.0	0.9150673
3794	4.0	1.1777319
3795	3.5	1.1499468
3796	4.0	0.96076894
3797	2.0	1.048104
3798	4.0	1.0681437
3799	1.0	1.0325999
38	3.0	1.4670093
380	4.0	0.93870556
3800	1.0	2.309401
3801	4.0	0.7633222
3802	2.0	0.988288
3803	4.0	0.8819171
3804	2.0	1.386136
3805	3.0	1.0668393
3806	3.0	1.0010581
3807	3.0	0.98108804
3808	4.0	1.0452247
3809	3.0	1.0288224
381	3.0	1.0434911
3810	3.0	0.9075709
3811	4.0	0.8162644
3812	4.0	0.90049815
3813	3.0	0.93090725
3814	4.0	0.8696879
3816	4.0	1.1492468
3817	3.0	1.6007811
3818	2.0	1.3972763
3819	4.0	0.8959221
382	3.0	1.0812198
3820	1.0	1.1746829
3821	3.0	1.188781
3822	4.0	1.1848772
3823	4.0	1.0666593
3824	2.0	1.0949607
3825	3.0	1.1801214
3826	3.0	1.0770522
3827	3.0	0.9636358
3828	2.5	2.1213202
383	3.0	0.9222568
3830	3.0	1.1661904
3831	4.0	0.8988352
3832	3.0	1.0555973
3833	3.0	1.2204959
3834	3.0	0.89295584
3835	3.0	0.9823556
3836	4.0	0.84479743
3837	3.0	1.142547
3838	3.0	1.1884071
3839	3.0	1.4207398
384	3.0	1.0076629
3840	3.0	1.0729129
3841	3.0	0.93846345
3842	3.0	0.0
3843	3.0	1.3256965
3844	4.0	1.0590209
3845	3.0	0.95604455
3846	3.0	1.0076404
3847	3.0	1.4854853
3848	3.0	0.96790606
3849	4.0	0.8438429
385	3.0	0.84327406
3850	3.0	1.1875422
3851	4.0	1.0848608
3852	4.0	0.9778174
3853	4.0	1.1266015
3854	4.0	1.0399898
3855	4.0	1.131681
3857	2.0	1.2711488
3858	3.0	1.0795313
3859	4.0	0.92148894
386	3.0	1.1626368
3860	3.0	0.9105859
3861	3.0	1.0614586
3862	3.5	1.2096106
3863	3.0	1.0620329
3864	3.0	1.3646997
3865	3.0	1.1351665
3866	3.0	1.7224014
3867	3.0	1.230915
3868	4.0	1.0869709
3869	3.0	1.0327764
387	3.0	0.9818781
3870	4.0	0.9354144
3871	4.0	0.99195427
3872	4.0	0.9655792
3873	4.0	1.0508755
3874	3.0	1.2510865
3875	4.0	1.6431676
3876	2.0	0.8164966
3877	2.0	0.9688864
3878	3.0	1.2673044
3879	3.0	1.0252968
388	4.0	0.91498595
3880	4.0	1.294786
3881	5.0	0.0
3882	3.0	0.9549863
3883	3.0	1.1629192
3884	2.0	0.978945
3885	4.0	1.2752074
3886	3.0	1.132277
3887	3.0	0.8164966
3888	4.5	0.70710677
3889	2.0	1.1614786
389	4.0	0.86450475
3890	3.0	0.0
3891	2.0	0.48795003
3892	3.0	1.5670213
3893	4.0	0.9816835
3894	3.0	1.2090925
3895	2.0	1.0218389
3896	4.0	1.201238
3897	4.0	0.81159115
3898	3.0	0.9145292
3899	1.0	1.1547005
39	4.0	0.963621
390	4.0	1.1036309
3900	3.0	1.1926225
3901	3.0	1.2347543
3902	3.0	1.1539159
3903	3.5	1.16316
3904	1.0	0.0
3905	3.5	0.9910312
3906	3.0	0.8838835
3908	2.0	1.1666553
3909	3.0	0.99251246
391	3.0	1.0124228
3910	4.0	1.2511703
3911	4.0	0.8752118
3912	2.0	1.0907537
3913	3.0	1.5731492
3914	4.0	1.1761079
3915	4.0	1.2206305
3916	4.0	0.99137104
3917	3.0	1.2430462
3918	3.0	1.1313683
3919	2.0	0.9965189
392	3.0	1.2247449
3920	4.0	1.1061388
3921	3.0	1.1689001
3922	3.0	1.2715086
3923	3.0	0.98229283
3924	3.0	1.1286479
3925	4.0	1.009657
3926	3.0	0.8102961
3927	4.0	0.82249904
3928	4.0	1.0747682
3929	4.0	0.9686638
393	2.0	0.9944903
3930	3.0	1.0789353
3931	2.0	1.0183501
3932	4.0	0.9104968
3933	2.5	1.2382784
3934	3.0	1.231745
3935	3.0	0.9534626
3936	4.0	0.8616956
3937	3.0	0.85311514
3938	2.0	1.0715168
3939	1.0	1.310901
394	3.5	1.0289915
3940	1.0	1.279881
3941	1.5	1.2527027
3942	1.0	1.1338934
3943	3.0	1.2512712
3944	2.0	1.3642255
3945	1.0	1.032152
3946	2.0	1.078907
3947	4.0	1.1840694
3948	4.0	1.0141963
3949	4.0	1.0098041
3950	4.0	1.0461069
3951	4.0	1.057331
3952	4.0	0.9350743
396	4.0	0.0
397	2.5	1.0836247
398	4.0	0.0
4	3.0	1.0133808
40	4.0	0.86834496
401	3.0	1.4142135
402	3.0	0.0
404	3.5	0.9574271
405	2.0	1.1299723
406	4.0	0.7440238
407	3.0	1.2363896
408	3.0	1.123706
409	3.0	0.9239813
41	4.0	0.8388561
410	3.0	1.0139786
411	3.0	1.4455945
412	4.0	0.91976017
413	3.0	1.03429
414	3.0	1.0074009
415	2.0	0.92006826
416	2.0	1.054079
417	4.0	1.0261242
418	2.0	1.0895835
419	2.0	0.9713003
42	3.0	1.0206828
420	2.0	1.0294642
421	3.0	1.0761447
422	3.0	0.94623643
423	3.0	0.93272245
424	3.0	0.9863939
425	4.0	0.8491539
426	3.0	0.9777387
427	2.0	1.0970603
428	4.0	0.8622004
429	2.0	1.1914634
43	3.5	0.93098855
430	2.0	0.8805466
431	4.0	0.87349325
432	3.0	0.9562668
433	3.0	0.9443749
434	3.0	1.020302
435	3.0	1.057786
436	3.0	1.062247
437	2.0	0.91599
438	3.0	1.0217016
439	4.5	0.70710677
44	3.0	1.0503356
440	4.0	0.8059975
441	4.0	1.0266267
442	3.0	1.042869
443	4.0	1.0544325
444	2.0	1.1005049
445	3.0	1.0720979
446	4.0	0.851095
447	3.0	0.88960546
448	4.0	1.0339605
449	4.0	1.194555
45	4.0	1.0035938
450	3.0	0.94341
451	3.0	0.92368263
452	3.0	0.89768153
453	3.0	0.83159024
454	4.0	0.8294065
455	3.0	1.046403
456	4.0	0.8209221
457	4.0	0.7727586
458	3.0	0.98464555
459	3.0	0.9999015
46	3.0	0.9724951
460	2.0	1.0573862
461	3.0	1.0699221
462	3.0	1.095928
463	3.0	0.9661237
464	3.0	1.0315334
465	3.0	1.1292806
466	3.0	1.0750751
467	3.0	1.0164613
468	3.0	0.93516815
469	3.0	1.2179393
47	4.0	0.9392288
470	1.0	0.92075795
471	4.0	1.0324682
472	3.0	1.0247983
473	2.0	1.0209289
474	4.0	0.7783552
475	4.0	0.82936436
476	3.0	1.0224373
477	4.0	0.91531456
478	3.0	0.88362724
479	3.0	0.98287916
48	3.0	1.0973458
480	4.0	0.9697768
481	3.0	0.9798888
482	4.0	1.0525017
483	4.0	0.84498215
484	3.0	1.0782214
485	2.0	1.0450456
486	3.0	1.0819589
487	2.5	1.121399
488	3.0	0.9628736
489	3.0	0.92525655
49	4.0	0.9842058
490	3.0	0.9456437
491	3.0	0.9484971
492	4.0	0.85755515
493	4.0	0.9899559
494	3.0	0.9185555
495	4.0	1.0809296
496	3.0	1.3361456
497	4.0	0.8802129
498	3.0	0.988369
499	3.0	0.8786972
5	3.0	1.0250862
50	5.0	0.74882185
500	3.0	0.9862515
501	4.0	1.1659883
502	2.0	0.9375113
503	4.0	1.0315535
504	3.0	1.0673386
505	2.0	1.009123
506	4.0	1.1843046
507	4.0	0.9182211
508	4.0	0.9031641
509	4.0	1.1244767
510	2.5	0.96422654
511	3.0	1.0927691
512	3.0	1.1067837
513	3.0	0.96172804
514	4.0	0.9296256
515	4.0	0.9532009
516	3.0	1.0017616
517	3.0	0.94361883
518	2.0	1.0621449
519	2.0	0.93916214
52	4.0	0.9140474
520	3.0	1.1672388
521	4.0	0.97907674
522	4.0	1.0144417
523	4.0	0.9483415
524	4.0	0.97186196
525	3.0	1.2090925
526	2.5	1.1952286
527	5.0	0.76385736
528	2.0	1.0857646
529	4.0	0.8133487
53	5.0	0.46291006
530	3.5	0.70710677
531	4.0	0.96219337
532	3.0	1.2227145
533	3.0	0.9990973
534	4.0	0.9427028
535	4.0	0.9881804
536	3.0	1.0674239
537	3.0	0.972344
538	4.0	0.8779762
539	4.0	0.95986104
54	2.0	1.1191242
540	2.0	0.94143826
541	4.0	0.875051
542	3.0	1.1416905
543	3.0	1.0277708
544	3.0	0.90828174
545	2.0	0.0
546	2.0	1.044111
547	3.0	1.0327384
548	3.0	0.9312452
549	4.0	1.077171
55	3.0	1.1946852
550	3.0	1.096861
551	4.0	1.0702566
552	3.0	0.99478793
553	4.0	1.0470276
554	3.0	0.94135743
555	4.0	0.9648644
556	4.0	0.7675768
557	4.5	0.70710677
558	3.0	1.1067909
559	3.0	2.0
56	1.0	1.3228756
560	4.0	0.51754916
561	4.0	0.96076894
562	4.0	1.0387863
563	3.0	0.9701425
564	2.0	0.96295
565	3.0	1.0874344
566	3.0	0.9540736
567	3.5	1.2224997
568	4.0	0.9121035
569	3.0	0.93479323
57	3.0	1.0093359
570	3.0	1.2776585
571	4.0	0.89163274
572	3.0	2.828427
573	4.0	1.0779169
574	4.0	1.0373327
575	3.0	1.1477056
576	3.0	0.0
577	3.0	1.0534536
578	4.5	0.70710677
579	2.0	0.0
58	4.0	0.89731914
580	3.0	1.0352079
581	4.0	0.8890303
582	3.0	0.0
583	4.0	1.1880133
584	4.0	0.0
585	3.0	1.0986816
586	3.0	1.0831401
587	4.0	1.0512198
588	4.0	0.95586115
589	4.0	0.9048231
59	3.0	1.3887302
590	4.0	1.0199977
591	2.0	1.4142135
592	4.0	0.98277426
593	5.0	0.83154166
594	4.0	0.9527905
595	4.0	1.0289427
596	4.0	0.9484972
597	4.0	1.0447221
598	4.5	0.8864053
599	4.0	0.9331174
6	4.0	0.93458825
60	3.0	0.99693453
600	3.0	1.114172
601	3.0	0.0
602	4.0	0.9796714
603	3.0	1.0429379
605	3.0	0.8961515
606	2.0	1.0439165
607	2.0	1.4142135
608	5.0	0.9495657
609	3.0	0.9972826
61	3.0	0.9374369
610	4.0	1.0735807
611	2.0	1.2719393
612	2.0	0.92707133
613	4.0	0.93639964
614	3.0	0.8660254
615	4.0	0.94440675
616	3.0	1.0327721
617	3.0	1.0571883
618	2.0	1.3642255
619	3.0	1.0115263
62	4.0	1.0149664
621	4.0	0.94445014
623	3.0	1.0
624	4.0	0.0
626	2.0	1.1945294
627	4.0	1.0122528
628	4.0	0.83176273
63	3.0	1.110666
630	3.0	1.2149858
631	2.0	1.1712779
632	4.0	1.0801234
633	4.0	0.94032466
634	1.0	1.1547005
635	4.0	0.76155937
637	3.0	1.1083167
638	3.0	1.0316625
639	3.0	1.0718447
64	2.0	0.90169156
640	3.0	0.9528101
641	1.0	0.0
642	2.0	0.0
643	2.0	1.0
644	2.0	0.0
645	3.5	0.82078266
647	4.0	0.8215807
648	4.0	0.97708666
649	4.0	0.8341662
65	2.0	1.0760962
650	4.0	0.9425532
651	2.0	0.0
652	3.0	0.78173596
653	3.0	0.97839373
655	1.0	0.0
656	3.0	1.1190896
657	3.0	0.0
658	3.0	0.0
659	4.0	1.1733145
66	1.0	0.85051024
660	1.5	0.70710677
661	4.0	1.0232023
662	3.0	0.9879939
663	4.0	1.103342
664	3.0	0.75592893
665	4.0	1.1867617
666	3.0	1.5275252
667	2.0	1.0623486
668	5.0	0.92453456
669	5.0	1.1928642
67	3.5	0.9574271
670	5.0	1.0229509
671	4.0	1.1302576
672	2.0	0.0
673	3.0	1.0164634
674	3.0	1.1731927
678	4.0	0.85049194
679	3.5	0.70710677
68	4.0	0.871877
680	3.0	1.173344
681	4.0	1.0327955
682	4.0	1.7320508
684	1.0	0.0
685	3.0	1.055364
687	2.0	1.7320508
688	2.0	0.977717
69	4.0	1.0371541
690	2.0	1.4142135
691	3.0	1.1060814
692	2.0	1.0807471
694	3.0	1.000962
695	3.0	0.9293447
696	3.0	1.2583058
697	3.0	1.0522751
698	2.0	0.83666
7	3.0	0.97991836
70	3.0	1.1787767
700	3.0	1.0467062
701	4.0	0.0
702	4.0	0.96076894
703	1.0	0.84327406
704	2.0	1.1367067
705	4.0	0.7745967
706	2.5	2.1213202
707	3.0	0.9039763
708	3.0	0.90624964
709	3.0	1.050308
71	2.0	1.0511063
710	2.0	1.0519823
711	3.0	1.0826501
712	3.5	0.70710677
714	4.0	1.0975784
715	4.0	1.0692465
716	3.0	1.1239339
717	4.0	0.0
718	4.0	1.3720698
719	3.0	1.038024
72	4.0	1.0507238
720	5.0	0.8049647
722	4.0	0.6814598
724	3.0	1.0213205
725	3.0	1.0383371
726	3.0	0.5
728	4.0	0.90013844
729	4.0	1.5275252
73	4.0	1.023262
730	1.0	0.0
731	3.0	0.8335029
732	3.0	0.9831921
733	4.0	0.962432
734	3.0	1.0
735	4.0	1.3006473
736	3.0	1.1014551
737	2.0	1.0892143
74	3.0	1.0959245
741	4.0	0.94158995
742	3.0	1.1105285
743	3.0	1.1983649
744	2.0	1.0
745	5.0	0.6671433
746	4.0	0.7745967
747	2.0	1.1547005
748	3.0	0.96262115
749	3.0	1.2583058
75	1.5	1.0836247
750	5.0	0.805507
751	4.0	1.3557637
753	3.0	0.95408714
754	3.0	1.3821203
755	4.0	0.44095856
756	3.0	0.8164966
757	4.0	0.5
758	4.0	0.0
759	4.0	1.0119103
76	3.0	1.0311593
760	4.0	0.9721501
761	3.0	1.0421606
762	2.0	0.99298716
763	3.0	0.0
764	3.0	0.95512027
765	3.0	1.0566024
766	4.0	0.9455371
767	3.0	0.77902764
769	3.5	1.2154311
77	4.0	0.8186768
771	4.0	1.060275
774	4.0	0.0
775	3.0	1.2018504
776	3.5	1.4142135
778	4.0	1.0216337
779	3.0	1.0201588
78	3.0	1.0654117
780	4.0	1.107917
781	4.0	1.0582682
782	3.0	1.0201514
783	3.0	1.0211042
784	3.0	1.117925
785	4.0	1.1203111
786	3.0	1.0161409
787	5.0	0.0
788	3.0	1.069883
789	3.0	1.4142135
79	3.0	1.0010474
790	3.0	0.0
791	3.5	0.70710677
792	4.0	0.0
793	2.0	1.4298407
796	4.0	1.1547005
798	3.0	0.97847
799	3.0	1.0260766
8	3.0	0.9540588
80	4.0	0.7851852
800	4.0	0.9089801
801	3.0	1.1503981
802	4.0	0.99144787
803	4.0	0.9094326
804	3.0	0.97134084
805	4.0	0.9339817
806	3.0	0.8668405
807	3.5	1.1766968
808	4.0	1.0941302
809	3.0	0.9693093
81	3.0	1.1297853
810	1.0	0.7984579
811	4.0	0.92796075
813	3.0	1.0606056
814	3.0	0.0
815	1.5	1.264911
818	3.0	1.1451801
82	4.0	1.0640855
820	4.0	1.5
821	2.0	1.4142135
823	3.5	1.7078252
824	4.0	1.0862293
826	1.0	0.0
827	3.0	0.0
828	3.0	1.2479193
829	2.0	1.1333311
83	4.0	0.8472326
830	3.0	1.0869285
831	4.0	0.933302
832	4.0	0.91828156
833	2.0	0.9769232
834	2.0	1.1547005
835	3.0	0.996854
836	3.0	1.0076586
837	4.0	1.0698751
838	4.0	0.9303917
839	2.0	1.1021363
84	3.0	1.2611408
840	3.0	1.1277574
841	4.0	1.4433757
842	3.0	1.1562672
843	1.0	0.0
844	4.0	0.97590005
846	4.0	1.0826447
847	2.0	0.8997354
848	4.0	1.0727082
849	2.0	1.104084
85	4.0	0.9938651
850	4.0	0.92226607
851	4.0	0.9074123
852	3.0	0.93947554
853	4.0	1.0
854	4.5	1.767767
858	5.0	0.7807208
859	2.0	0.0
86	3.0	0.93251365
860	4.0	0.84327406
861	4.0	0.98556703
862	4.0	0.87743515
863	3.5	0.8498366
864	4.0	0.9962049
865	2.0	0.0
866	4.0	0.9480056
867	2.0	1.1025333
868	3.0	0.0
869	3.0	0.8499505
87	2.0	1.0239244
870	2.0	1.093036
872	3.0	0.0
874	3.0	1.5526475
875	4.0	1.1251028
876	3.0	1.276155
877	3.0	1.1601787
878	4.0	0.0
879	3.0	1.089058
88	3.0	1.0594126
880	2.0	1.0527273
881	3.0	1.1125948
882	3.0	1.0347555
884	3.0	0.0
885	2.0	1.2952764
886	3.0	1.0596476
887	2.5	2.1213202
888	2.0	1.2540714
889	2.5	0.70710677
89	3.0	0.8878764
891	2.0	1.2363468
892	4.0	0.8843701
893	4.0	1.0044657
895	1.0	0.0
896	4.0	1.1181216
897	4.0	0.9201213
898	4.0	0.83427
899	5.0	0.88888586
9	3.0	1.0482905
90	4.0	1.0327955
900	4.0	0.99032885
901	4.0	1.0366354
902	4.0	0.9601802
903	4.0	0.7965542
904	5.0	0.68894637
905	4.0	0.80468035
906	4.0	0.8239277
907	4.0	0.9775877
908	5.0	0.73251545
909	4.0	0.80899954
910	4.0	0.8215507
911	4.0	0.8253199
912	5.0	0.8276421
913	5.0	0.77475965
914	4.0	0.87385416
915	4.0	0.87789863
916	4.0	0.8356512
917	4.0	0.96574974
918	4.0	1.0025297
919	4.0	0.89597815
92	2.5	1.0158103
920	4.0	1.0539525
921	4.0	0.82849836
922	5.0	0.7409237
923	5.0	0.86549306
924	4.0	1.0425036
925	3.0	1.0552897
926	4.0	0.8355815
927	4.0	1.01763
928	4.0	0.8135725
929	4.0	0.8578216
93	2.0	0.9655718
930	4.0	0.75102925
931	4.0	0.8509025
932	4.0	1.0068157
933	4.0	0.81060404
934	4.0	0.95167226
935	4.0	1.0985632
936	4.0	0.8160715
937	4.0	1.1023232
938	4.0	1.0876698
939	3.0	1.3280197
94	4.0	0.96988845
940	4.0	0.9122442
941	4.0	0.86517906
942	4.0	0.7712149
943	4.0	0.8573124
944	4.0	0.9458037
945	4.0	0.8427237
946	4.0	1.0137256
947	4.0	0.8333694
948	4.0	0.9070058
949	4.0	0.87777257
95	3.0	1.0401801
950	4.0	0.77152765
951	4.0	0.81077397
952	4.0	0.8945078
953	5.0	0.90542424
954	4.0	0.8055774
955	4.0	0.9554844
956	4.0	0.9323255
957	3.0	1.2111841
958	3.0	0.8697185
959	4.0	1.0010581
96	4.0	0.8623165
960	3.5	1.3168943
961	4.0	1.2011194
962	4.0	1.0357255
963	4.0	1.038901
964	3.0	0.98139554
965	4.0	0.8535015
966	4.0	0.6324555
967	3.0	1.0961665
968	4.0	1.1557688
969	4.0	0.82058024
97	4.0	1.2598449
970	4.0	1.165701
971	4.0	0.8528305
972	3.0	0.7527726
973	4.0	0.94544023
974	4.0	0.7745967
975	1.5	0.70710677
976	4.0	1.0763092
977	2.0	0.0
978	4.0	1.117537
98	2.0	0.6324555
980	3.0	1.3038405
981	2.5	1.7078252
982	4.0	0.9464032
984	3.0	1.1086779
985	4.0	1.2583058
986	4.0	1.0182687
987	3.0	0.9818872
988	3.0	1.0585985
989	5.0	0.0
99	4.0	0.9733175
990	3.0	0.94373506
991	4.0	0.86484903
992	3.0	1.0954452
993	3.0	1.0540925
994	4.0	0.8186184
996	3.0	1.1267687
997	3.0	0.9893614
998	3.0	1.0580399
999	3.0	0.92159176
