1	4.0	0.8523491
10	4.0	0.9075746
100	4.0	0.92732733
1000	4.0	0.93200505
1002	4.0	0.9319033
1003	4.0	0.9479233
1004	4.0	0.97780836
1005	4.0	1.0259838
1006	4.0	1.0294818
1007	4.0	1.0413051
1008	4.0	1.0406955
1009	4.0	1.0490336
101	4.0	1.0428864
1010	4.0	1.0438097
1011	4.0	1.054326
1012	4.0	1.0488594
1013	4.0	1.0480685
1014	4.0	1.0509071
1015	4.0	1.0525066
1016	4.0	1.0514407
1017	4.0	1.0440164
1018	4.0	1.0454398
1019	4.0	1.0321828
102	4.0	1.0446166
1020	4.0	1.0436448
1021	4.0	1.0560514
1022	4.0	1.0514686
1023	4.0	1.0536603
1024	4.0	1.0532756
1025	4.0	1.0486742
1026	4.0	1.0487337
1027	4.0	1.0507381
1028	4.0	1.0514953
1029	4.0	1.0471768
103	4.0	1.047452
1030	4.0	1.0511063
1031	4.0	1.0485287
1032	4.0	1.045596
1033	4.0	1.0438018
1034	4.0	1.0447024
1035	4.0	1.0543647
1036	4.0	1.0473139
1037	4.0	1.0659578
1038	4.0	1.0658681
1039	4.0	1.0657855
104	4.0	1.069574
1040	4.0	1.0695795
1041	4.0	1.0672373
1042	4.0	1.0644546
1043	4.0	1.0659072
1044	4.0	1.065834
1046	4.0	1.0666192
1047	4.0	1.0662712
1049	4.0	1.0667254
105	4.0	1.0689515
1050	4.0	1.0689377
1051	4.0	1.0684764
1053	4.0	1.0688558
1054	4.0	1.069241
1055	4.0	1.0695873
1056	4.0	1.0689875
1057	4.0	1.0674217
1058	4.0	1.0674416
1059	4.0	1.0703462
106	4.0	1.0706078
1060	4.0	1.0687376
1061	4.0	1.0667095
1062	4.0	1.0667245
1063	4.0	1.0670601
1064	4.0	1.0693102
1066	4.0	1.0692602
1067	4.0	1.0694413
1068	4.0	1.0692191
1069	4.0	1.0688537
107	4.0	1.0704072
1070	4.0	1.0703738
1071	4.0	1.0703667
1073	4.0	1.0690526
1076	4.0	1.0689543
1077	4.0	1.0660317
1078	4.0	1.0638813
1079	4.0	1.0598242
108	4.0	1.0600326
1080	4.0	1.0580664
1081	4.0	1.057219
1082	4.0	1.0558019
1083	4.0	1.0551242
1084	4.0	1.0521799
1085	4.0	1.0518279
1086	4.0	1.0496786
1087	4.0	1.0496715
1088	4.0	1.0540402
1089	4.0	1.0556222
1090	4.0	1.0520542
1091	4.0	1.0566337
1092	4.0	1.0547613
1093	4.0	1.0531453
1094	4.0	1.0515218
1095	4.0	1.0515454
1096	4.0	1.0513339
1097	4.0	1.0474489
1098	4.0	1.0475023
1099	4.0	1.0470101
11	4.0	1.0426879
110	4.0	1.0437058
1100	4.0	1.0477542
1101	4.0	1.0473406
1102	4.0	1.0474913
1103	4.0	1.0460002
1104	4.0	1.0452886
1105	4.0	1.0470811
1107	4.0	1.0471652
111	4.0	1.0456161
1111	4.0	1.0453708
1112	4.0	1.0453486
1113	4.0	1.0456992
1114	4.0	1.0459871
1115	4.0	1.046055
1116	4.0	1.0460068
1117	4.0	1.0460086
1118	4.0	1.0460291
1119	4.0	1.046053
112	4.0	1.0454335
1120	4.0	1.0437853
1121	4.0	1.0437903
1123	4.0	1.043817
1124	4.0	1.0431693
1125	4.0	1.0421754
1126	4.0	1.048891
1127	4.0	1.0455812
1128	4.0	1.046703
1129	4.0	1.0458797
113	4.0	1.0459944
1130	4.0	1.0462277
1131	4.0	1.0461289
1132	4.0	1.0459104
1133	4.0	1.0459641
1134	4.0	1.0459535
1135	4.0	1.0460539
1136	4.0	1.0465689
1138	4.0	1.0466164
1139	4.0	1.046598
114	4.0	1.0466112
1142	4.0	1.0467262
1144	4.0	1.0466317
1145	4.0	1.0466441
1147	4.0	1.0463277
1148	4.0	1.0462099
1149	4.0	1.0462528
1150	4.0	1.0457987
1151	4.0	1.0459747
1152	4.0	1.0459718
1153	4.0	1.0460032
1154	4.0	1.0459553
116	4.0	1.0460217
1160	4.0	1.0461737
1161	4.0	1.0460458
1162	4.0	1.0458307
1163	4.0	1.0460619
1164	4.0	1.0461129
1165	4.0	1.0461694
1167	4.0	1.0466872
1168	4.0	1.0471307
1169	4.0	1.0471288
117	4.0	1.0468069
1170	4.0	1.0473661
1171	4.0	1.046693
1172	4.0	1.0461428
1173	4.0	1.0470858
1174	4.0	1.04708
1175	4.0	1.0468934
1176	4.0	1.046812
1177	4.0	1.0465944
1178	4.0	1.046717
1179	4.0	1.0449115
118	4.0	1.0452614
1180	4.0	1.0452647
1181	4.0	1.045309
1183	4.0	1.0479777
1184	4.0	1.0476452
1185	4.0	1.0467901
1186	4.0	1.0460715
1187	4.0	1.0457202
1188	4.0	1.0454
1189	4.0	1.0450867
119	4.0	1.0452816
1190	4.0	1.0451831
1191	4.0	1.0459245
1192	4.0	1.0458909
1193	4.0	1.044806
1194	4.0	1.0450499
1196	4.0	1.0423932
1197	4.0	1.0404905
1198	4.0	1.0382332
1199	4.0	1.0388457
12	4.0	1.0415423
120	4.0	1.0415524
1200	4.0	1.0397847
1201	4.0	1.0387112
1202	4.0	1.0387846
1203	4.0	1.037919
1204	4.0	1.0373833
1205	4.0	1.0385604
1206	4.0	1.040046
1207	4.0	1.039232
1208	4.0	1.0385029
1209	4.0	1.0384268
121	4.0	1.0382906
1210	4.0	1.0350165
1211	4.0	1.0350734
1212	4.0	1.0345997
1213	4.0	1.0331236
1214	4.0	1.0313116
1215	4.0	1.0315492
1216	4.0	1.0316368
1217	4.0	1.0312352
1218	4.0	1.0310785
1219	4.0	1.0299332
122	4.0	1.0311353
1220	4.0	1.0300663
1221	4.0	1.0291866
1222	4.0	1.0274228
1223	4.0	1.0267802
1224	4.0	1.0261176
1225	4.0	1.0242996
1226	4.0	1.0240614
1227	4.0	1.0238051
1228	4.0	1.0230426
123	4.0	1.0230672
1230	4.0	1.0226667
1231	4.0	1.0214206
1232	4.0	1.0215766
1233	4.0	1.0205005
1234	4.0	1.0189348
1235	4.0	1.0184318
1236	4.0	1.0183101
1237	4.0	1.0183156
1238	4.0	1.0182472
124	4.0	1.0182996
1240	4.0	1.0157413
1241	4.0	1.0162009
1242	4.0	1.0143366
1243	4.0	1.0145149
1244	4.0	1.0136682
1245	4.0	1.0133135
1246	4.0	1.0125796
1247	4.0	1.0112321
1248	4.0	1.0108445
1249	4.0	1.0101293
125	4.0	1.0100325
1250	4.0	1.0089635
1251	4.0	1.0088623
1252	4.0	1.0078418
1253	4.0	1.0072463
1254	4.0	1.0067387
1255	4.0	1.0068954
1256	4.0	1.0066066
1257	4.0	1.0061939
1258	4.0	1.0057334
1259	4.0	1.00308
126	4.0	1.0047294
1260	4.0	1.0044639
1261	4.0	1.0050539
1262	4.0	1.0040305
1263	4.0	1.0037531
1264	4.0	1.0035355
1265	4.0	1.002229
1266	4.0	1.001675
1267	4.0	1.0009004
1268	4.0	1.0010383
1269	4.0	1.0003494
127	4.0	1.0003799
1270	4.0	0.99788266
1271	4.0	0.99782807
1272	4.0	0.99720144
1273	4.0	0.9971164
1274	4.0	0.9970981
1275	4.0	0.9971239
1276	4.0	0.99607813
1277	4.0	0.99592733
1278	4.0	0.9952526
1279	4.0	0.9952906
128	4.0	0.99527705
1280	4.0	0.9949389
1281	4.0	0.9949158
1282	4.0	0.9956129
1283	4.0	0.9953529
1284	4.0	0.9948158
1285	4.0	0.99472916
1286	4.0	0.994945
1287	4.0	0.9945062
1288	4.0	0.9944296
1289	4.0	0.9945396
129	4.0	0.99454564
1290	4.0	0.99443835
1291	4.0	0.9927462
1292	4.0	0.99269104
1293	4.0	0.9921068
1294	4.0	0.9915454
1295	4.0	0.99184453
1296	4.0	0.9918697
1297	4.0	0.9918367
1298	4.0	0.99235696
1299	4.0	0.99169624
13	4.0	0.9919085
130	4.0	0.9919086
1300	4.0	0.99171054
1301	4.0	0.9916764
1302	4.0	0.991548
1303	4.0	0.99125576
1304	4.0	0.98993284
1305	4.0	0.9899175
1306	4.0	0.990126
1307	4.0	0.98911285
131	4.0	0.9891484
1310	4.0	0.9892216
1311	4.0	0.9894042
1312	4.0	0.98948574
1313	4.0	0.9896583
1315	4.0	0.9896776
1316	4.0	0.9896744
1317	4.0	0.9897418
132	4.0	0.99041414
1320	4.0	0.99360806
1321	4.0	0.9936234
1322	4.0	0.99412817
1323	4.0	0.9950051
1324	4.0	0.99535626
1325	4.0	0.99573255
1326	4.0	0.9963809
1327	4.0	0.9977785
1328	4.0	0.9981836
1329	4.0	0.9984704
133	4.0	0.9984956
1330	4.0	0.9989159
1331	4.0	0.9990521
1332	4.0	0.99942994
1333	4.0	0.9990859
1334	4.0	1.0000422
1335	4.0	1.0003657
1336	4.0	1.0008906
1337	4.0	1.0009218
1339	4.0	1.002099
134	4.0	1.0020927
1340	4.0	1.0021651
1341	4.0	1.0023762
1342	4.0	1.0034164
1343	4.0	1.0028679
1344	4.0	1.0025077
1345	4.0	1.0026726
1346	4.0	1.0029913
1347	4.0	1.0038657
1348	4.0	1.0040102
1349	4.0	1.0041208
135	4.0	1.0047493
1350	4.0	1.0050235
1351	4.0	1.005047
1352	4.0	1.0053567
1353	4.0	1.0059754
1354	4.0	1.0063279
1355	4.0	1.0066961
1356	4.0	1.006477
1357	4.0	1.0062425
1358	4.0	1.0055221
1359	4.0	1.0070513
136	4.0	1.0070852
1360	4.0	1.0070938
1361	4.0	1.0071028
1362	4.0	1.0070914
1363	4.0	1.0073167
1364	4.0	1.0073133
1365	4.0	1.0073053
1366	4.0	1.0075359
1367	4.0	1.0086156
1369	4.0	1.0086151
137	4.0	1.0086578
1370	4.0	1.00878
1371	4.0	1.0107077
1372	4.0	1.0117109
1373	4.0	1.0147442
1374	4.0	1.0143186
1375	4.0	1.0146383
1376	4.0	1.0148352
1377	4.0	1.017157
1378	4.0	1.0175474
1379	4.0	1.0187118
138	4.0	1.0187298
1380	4.0	1.0194418
1381	4.0	1.0227133
1382	4.0	1.0231982
1383	4.0	1.0233552
1384	4.0	1.0233457
1385	4.0	1.0238857
1386	4.0	1.0239062
1387	4.0	1.0233423
1388	4.0	1.0249538
1389	4.0	1.0273006
139	4.0	1.0272977
1390	4.0	1.0273887
1391	4.0	1.0312881
1392	4.0	1.0310906
1393	4.0	1.0303105
1394	4.0	1.0300397
1395	4.0	1.0301813
1396	4.0	1.0293504
1397	4.0	1.0293643
1398	4.0	1.0294435
1399	4.0	1.0295335
14	4.0	1.0294614
140	4.0	1.029717
1401	4.0	1.0296981
1404	4.0	1.0297853
1405	4.0	1.0311234
1406	4.0	1.0311466
1407	4.0	1.0313885
1408	4.0	1.0310684
1409	4.0	1.0317574
141	4.0	1.0316837
1410	4.0	1.0319605
1411	4.0	1.0317622
1412	4.0	1.0317379
1413	4.0	1.0317667
1414	4.0	1.0317043
1415	4.0	1.0317208
1416	4.0	1.032366
1417	4.0	1.0325277
1419	4.0	1.032453
142	4.0	1.0324714
1420	4.0	1.0324986
1421	4.0	1.0326335
1422	4.0	1.0329734
1423	4.0	1.032972
1425	4.0	1.0330681
1426	4.0	1.0331842
1427	4.0	1.0335258
1428	4.0	1.0336143
1429	4.0	1.0338054
1430	4.0	1.0338236
1431	4.0	1.0348825
1432	4.0	1.0351788
1433	4.0	1.035237
1434	4.0	1.0352316
1436	4.0	1.035257
1437	4.0	1.0352775
1438	4.0	1.0362519
1439	4.0	1.0365449
144	4.0	1.0365506
1440	4.0	1.0367237
1441	4.0	1.0365674
1442	4.0	1.0366087
1444	4.0	1.0366018
1445	4.0	1.0377884
1446	4.0	1.0376191
1447	4.0	1.0376016
1449	4.0	1.0373324
145	4.0	1.0376244
1450	4.0	1.0376278
1453	4.0	1.0384388
1454	4.0	1.0385674
1455	4.0	1.0386233
1456	4.0	1.0390483
1457	4.0	1.0392501
1458	4.0	1.039327
1459	4.0	1.0392997
146	4.0	1.0393775
1460	4.0	1.0398037
1461	4.0	1.0407124
1463	4.0	1.040766
1464	4.0	1.041002
1465	4.0	1.0409781
1466	4.0	1.0401474
1468	4.0	1.0409329
147	4.0	1.0409851
1470	4.0	1.0409825
1471	4.0	1.0409895
1472	4.0	1.0409819
1473	4.0	1.0410781
1474	4.0	1.0419707
1475	4.0	1.0421056
1476	4.0	1.042105
1477	4.0	1.0421195
1479	4.0	1.0428932
148	4.0	1.0429645
1480	4.0	1.0431222
1482	4.0	1.0431044
1483	4.0	1.043732
1484	4.0	1.0437219
1485	4.0	1.0435064
1486	4.0	1.0435131
1487	4.0	1.0437671
1488	4.0	1.044329
1489	4.0	1.0445057
149	4.0	1.0444645
1490	4.0	1.0447047
1493	4.0	1.0447627
1494	4.0	1.0448347
1495	4.0	1.0454373
1496	4.0	1.0454658
1497	4.0	1.045875
1498	4.0	1.045996
1499	4.0	1.0485588
15	4.0	1.0493584
150	4.0	1.0481551
1500	4.0	1.0472887
1501	4.0	1.0473545
1502	4.0	1.0473834
1503	4.0	1.0481799
1504	4.0	1.0481712
1507	4.0	1.0481763
1508	4.0	1.0481869
1509	4.0	1.0481594
151	4.0	1.0479667
1510	4.0	1.0479712
1511	4.0	1.0479598
1513	4.0	1.0489728
1514	4.0	1.0489836
1515	4.0	1.049647
1516	4.0	1.049629
1517	4.0	1.0498934
1518	4.0	1.0498236
1519	4.0	1.0498242
152	4.0	1.0499729
1520	4.0	1.0500314
1522	4.0	1.0500588
1523	4.0	1.0502555
1525	4.0	1.0505674
1526	4.0	1.0509223
1527	4.0	1.0513036
1528	4.0	1.0513185
1529	4.0	1.0513657
153	4.0	1.0538522
1531	4.0	1.0538402
1532	4.0	1.0538511
1533	4.0	1.0538148
1534	4.0	1.0538212
1535	4.0	1.0538749
1537	4.0	1.05357
1538	4.0	1.0536308
1539	4.0	1.0536596
154	4.0	1.0535525
1541	4.0	1.053709
1542	4.0	1.0535655
1543	4.0	1.0535785
1544	4.0	1.0555164
1545	4.0	1.0555022
1546	4.0	1.0555531
1547	4.0	1.055558
1548	4.0	1.0555619
1549	4.0	1.0556239
155	4.0	1.0556526
1550	4.0	1.0558333
1551	4.0	1.0559188
1552	4.0	1.0564489
1553	4.0	1.0564643
1554	4.0	1.0565547
1555	4.0	1.0565572
1556	4.0	1.0593771
1558	4.0	1.059397
156	4.0	1.0593938
1561	4.0	1.0593884
1562	4.0	1.0627763
1563	4.0	1.0627769
1564	4.0	1.0627645
1565	4.0	1.0627998
1566	4.0	1.0631202
1567	4.0	1.0631274
1569	4.0	1.0630538
157	4.0	1.0636487
1570	4.0	1.0636895
1571	4.0	1.0636588
1572	4.0	1.0636499
1573	4.0	1.0646491
1574	4.0	1.0646881
1575	4.0	1.0647185
1579	4.0	1.0647174
158	4.0	1.065037
1580	4.0	1.0636134
1581	4.0	1.0637438
1582	4.0	1.063797
1583	4.0	1.0638496
1584	4.0	1.0635129
1585	4.0	1.0635953
1586	4.0	1.0643405
1587	4.0	1.06451
1588	4.0	1.06488
1589	4.0	1.064772
159	4.0	1.064757
1590	4.0	1.0665209
1591	4.0	1.067963
1592	4.0	1.0684183
1593	4.0	1.0685637
1594	4.0	1.0685356
1595	4.0	1.069065
1596	4.0	1.069054
1597	4.0	1.0689154
1598	4.0	1.0691205
1599	4.0	1.0697371
16	4.0	1.0692779
160	4.0	1.0719208
1600	4.0	1.0720552
1601	4.0	1.0722317
1602	4.0	1.0724832
1603	4.0	1.0728399
1604	4.0	1.0729915
1605	4.0	1.0731992
1606	4.0	1.0736808
1608	4.0	1.0731769
1609	4.0	1.0732908
161	4.0	1.072652
1610	4.0	1.07133
1611	4.0	1.0714521
1612	4.0	1.0714407
1613	4.0	1.0714881
1614	4.0	1.0715892
1615	4.0	1.0714818
1616	4.0	1.0716463
1617	4.0	1.0705367
1619	4.0	1.0704681
162	4.0	1.0704817
1620	4.0	1.0704547
1621	4.0	1.0704253
1622	4.0	1.0704352
1623	4.0	1.0710562
1624	4.0	1.0711688
1625	4.0	1.0706043
1626	4.0	1.0708847
1627	4.0	1.071209
1629	4.0	1.0712644
163	4.0	1.0712029
1630	4.0	1.0712068
1631	4.0	1.0711781
1632	4.0	1.0712395
1633	4.0	1.0710597
1635	4.0	1.070965
1636	4.0	1.0709826
1639	4.0	1.0707545
164	4.0	1.0704975
1640	4.0	1.0707738
1641	4.0	1.0702319
1642	4.0	1.0702935
1643	4.0	1.0700656
1644	4.0	1.0714176
1645	4.0	1.0715337
1646	4.0	1.0717112
1647	4.0	1.0718045
1648	4.0	1.0718372
1649	4.0	1.0718483
165	4.0	1.0717053
1650	4.0	1.0717038
1651	4.0	1.0717338
1652	4.0	1.0717362
1653	4.0	1.071426
1654	4.0	1.0715462
1655	4.0	1.0718448
1656	4.0	1.0718461
1657	4.0	1.0718414
1658	4.0	1.0719116
1659	4.0	1.0719357
166	4.0	1.0721897
1660	4.0	1.0720752
1661	4.0	1.0720602
1662	4.0	1.0721259
1663	4.0	1.071656
1664	4.0	1.0716522
1665	4.0	1.0721524
1666	4.0	1.0722111
1667	4.0	1.072397
1668	4.0	1.072495
1669	4.0	1.0725292
167	4.0	1.0725247
1670	4.0	1.0725437
1671	4.0	1.0725542
1672	4.0	1.0722808
1673	4.0	1.0721782
1674	4.0	1.0712711
1675	4.0	1.0712699
1676	4.0	1.0727863
1677	4.0	1.0728494
1678	4.0	1.0726339
1679	4.0	1.0727705
168	4.0	1.0732982
1680	4.0	1.0730561
1681	4.0	1.0736871
1682	4.0	1.0730172
1683	4.0	1.0728571
1684	4.0	1.0728296
1685	4.0	1.0728241
1686	4.0	1.0728378
1687	4.0	1.0730239
1688	4.0	1.0729634
1689	4.0	1.073194
169	4.0	1.0737995
1690	4.0	1.0747309
1692	4.0	1.0748056
1693	4.0	1.0746539
1694	4.0	1.0745857
1695	4.0	1.0745677
1696	4.0	1.0745741
1699	4.0	1.0746212
17	4.0	1.0742202
170	4.0	1.0744954
1701	4.0	1.074515
1702	4.0	1.0753003
1703	4.0	1.0753973
1704	4.0	1.0745932
1707	4.0	1.0756185
1709	4.0	1.075622
171	4.0	1.0756159
1711	4.0	1.0758309
1713	4.0	1.0760268
1714	4.0	1.0760301
1715	4.0	1.0760522
1717	4.0	1.0766114
1718	4.0	1.0766245
1719	4.0	1.0764481
172	4.0	1.0776198
1720	4.0	1.0776832
1721	4.0	1.0783058
1722	4.0	1.0779042
1724	4.0	1.0779033
1725	4.0	1.0779202
1726	4.0	1.0782658
1727	4.0	1.0783398
1728	4.0	1.0783491
1729	4.0	1.077932
173	4.0	1.079869
1730	4.0	1.0797474
1731	4.0	1.0801333
1732	4.0	1.0802336
1733	4.0	1.0802331
1734	4.0	1.0802289
1735	4.0	1.0802667
1739	4.0	1.0806817
174	4.0	1.0809947
1741	4.0	1.0809921
1743	4.0	1.081003
1744	4.0	1.0811493
1746	4.0	1.0812296
1747	4.0	1.081038
1748	4.0	1.0808424
1749	4.0	1.0808423
175	4.0	1.080961
1750	4.0	1.081258
1752	4.0	1.0816222
1753	4.0	1.0818269
1754	4.0	1.0818462
1755	4.0	1.0818458
1756	4.0	1.0819808
1758	4.0	1.0819378
1759	4.0	1.0818803
176	4.0	1.0817378
1760	4.0	1.0828246
1762	4.0	1.0832093
1764	4.0	1.0832082
1767	4.0	1.0832213
1769	4.0	1.0833589
177	4.0	1.0836232
1770	4.0	1.083606
1771	4.0	1.0837116
1772	4.0	1.0844356
1773	4.0	1.0844444
1777	4.0	1.0842035
1779	4.0	1.0851936
178	4.0	1.0851763
1780	4.0	1.0851809
1782	4.0	1.0851922
1783	4.0	1.0854017
1784	4.0	1.0848556
1785	4.0	1.0847967
1787	4.0	1.0848005
1788	4.0	1.0847791
179	4.0	1.0849342
1791	4.0	1.0849628
1792	4.0	1.0850134
1793	4.0	1.0850656
1794	4.0	1.0850278
1795	4.0	1.0850266
1796	4.0	1.0850568
1797	4.0	1.0849487
1798	4.0	1.0850475
1799	4.0	1.0850753
18	4.0	1.0850768
180	4.0	1.0851467
1801	4.0	1.085456
1804	4.0	1.0854952
1805	4.0	1.0854629
1806	4.0	1.0856965
1807	4.0	1.085683
1809	4.0	1.0857182
181	4.0	1.0863441
1810	4.0	1.0860738
1811	4.0	1.0860664
1812	4.0	1.0860924
1814	4.0	1.0861017
1815	4.0	1.0861046
1816	4.0	1.0862136
1817	4.0	1.0862172
182	4.0	1.0862418
1820	4.0	1.0862448
1821	4.0	1.0862424
1822	4.0	1.0863398
1824	4.0	1.0863384
1825	4.0	1.0864065
1826	4.0	1.0866884
1827	4.0	1.086651
1829	4.0	1.0866606
183	4.0	1.0866488
1830	4.0	1.0866495
1831	4.0	1.0881357
1832	4.0	1.0881339
1833	4.0	1.0882704
1834	4.0	1.0880641
1835	4.0	1.0881604
1836	4.0	1.088219
1837	4.0	1.0883564
1839	4.0	1.0885786
184	4.0	1.0885799
1840	4.0	1.088478
1841	4.0	1.0885127
1842	4.0	1.0885091
1843	4.0	1.088508
1844	4.0	1.0884719
1845	4.0	1.0884233
1846	4.0	1.0884435
1848	4.0	1.0885717
1849	4.0	1.0885825
185	4.0	1.0890745
1850	4.0	1.089091
1851	4.0	1.0890874
1852	4.0	1.0890902
1853	4.0	1.0891678
1854	4.0	1.0891705
1855	4.0	1.08949
1856	4.0	1.0895418
1857	4.0	1.0895499
1858	4.0	1.0895737
1859	4.0	1.0895884
186	4.0	1.0898144
1860	4.0	1.0898042
1861	4.0	1.0898002
1862	4.0	1.0906007
1863	4.0	1.0910885
1864	4.0	1.0911012
1865	4.0	1.0910859
1866	4.0	1.0912985
1867	4.0	1.0913973
1868	4.0	1.0914061
1869	4.0	1.0915669
187	4.0	1.0915956
1870	4.0	1.0915655
1871	4.0	1.0915617
1872	4.0	1.0915718
1873	4.0	1.091516
1874	4.0	1.0915182
1875	4.0	1.091493
1876	4.0	1.0917501
1877	4.0	1.0917598
1878	4.0	1.0918063
1879	4.0	1.0918006
188	4.0	1.0918967
1880	4.0	1.0918959
1881	4.0	1.0919849
1882	4.0	1.0935425
1883	4.0	1.0935895
1884	4.0	1.0938177
1885	4.0	1.0935664
1886	4.0	1.0935785
1887	4.0	1.0937414
1888	4.0	1.0940914
1889	4.0	1.0940474
189	4.0	1.0940429
1890	4.0	1.0940598
1891	4.0	1.0941037
1892	4.0	1.0939176
1893	4.0	1.0939094
1894	4.0	1.0942287
1895	4.0	1.0943139
1896	4.0	1.0943062
1897	4.0	1.094343
1898	4.0	1.0943344
1899	4.0	1.0943471
19	4.0	1.0953718
190	4.0	1.0953734
1900	4.0	1.0953796
1901	4.0	1.0953802
1902	4.0	1.095414
1903	4.0	1.0954093
1904	4.0	1.0954125
1905	4.0	1.0954247
1906	4.0	1.0954225
1907	4.0	1.0952334
1908	4.0	1.0952324
1909	4.0	1.0946916
191	4.0	1.0948553
1910	4.0	1.0948097
1911	4.0	1.0950974
1912	4.0	1.0946627
1913	4.0	1.0946016
1914	4.0	1.0944384
1915	4.0	1.0944368
1916	4.0	1.0945479
1917	4.0	1.095413
1918	4.0	1.0957364
1919	4.0	1.095757
192	4.0	1.0957578
1920	4.0	1.0961728
1921	4.0	1.0961149
1922	4.0	1.096109
1923	4.0	1.0961984
1924	4.0	1.0969672
1925	4.0	1.096958
1926	4.0	1.0969743
1927	4.0	1.0968763
1928	4.0	1.0968565
1929	4.0	1.0967836
193	4.0	1.0976616
1930	4.0	1.0976683
1931	4.0	1.0974916
1932	4.0	1.0974979
1933	4.0	1.0975007
1934	4.0	1.0974734
1935	4.0	1.0974036
1936	4.0	1.0973536
1937	4.0	1.0973425
1938	4.0	1.0972471
1939	4.0	1.0971687
194	4.0	1.097078
1940	4.0	1.097007
1941	4.0	1.0970055
1942	4.0	1.0969275
1943	4.0	1.096924
1944	4.0	1.0967548
1945	4.0	1.0966119
1946	4.0	1.0964831
1947	4.0	1.0963509
1948	4.0	1.0962778
1949	4.0	1.096179
195	4.0	1.0962657
1950	4.0	1.0960584
1951	4.0	1.0960187
1952	4.0	1.0958139
1953	4.0	1.0953541
1954	4.0	1.0949947
1955	4.0	1.0947253
1956	4.0	1.0945349
1957	4.0	1.0944327
1958	4.0	1.0944396
1959	4.0	1.0943806
196	4.0	1.094842
1960	4.0	1.0945702
1961	4.0	1.0937852
1962	4.0	1.0934596
1963	4.0	1.0933163
1964	4.0	1.0931152
1965	4.0	1.0930078
1966	4.0	1.092958
1967	4.0	1.0928297
1968	4.0	1.0920908
1969	4.0	1.092886
197	4.0	1.0928942
1970	4.0	1.0933646
1971	4.0	1.0940677
1972	4.0	1.0948545
1973	4.0	1.0955949
1974	4.0	1.0958287
1975	4.0	1.0962496
1976	4.0	1.0970641
1977	4.0	1.0976691
1978	4.0	1.0981339
1979	4.0	1.0985472
198	4.0	1.0986001
1980	4.0	1.0989316
1981	4.0	1.0994192
1982	4.0	1.0994784
1983	4.0	1.0997592
1984	4.0	1.1001852
1985	4.0	1.1005559
1986	4.0	1.1010284
1987	4.0	1.1012434
1988	4.0	1.1014124
1989	4.0	1.1015021
199	4.0	1.1015183
1990	4.0	1.1016058
1991	4.0	1.10197
1992	4.0	1.1024369
1993	4.0	1.1028669
1994	4.0	1.1025023
1995	4.0	1.102845
1996	4.0	1.1033508
1997	4.0	1.1034349
1998	4.0	1.1039613
1999	4.0	1.1041719
2	4.0	1.1041563
20	4.0	1.1043589
200	4.0	1.1043833
2000	4.0	1.1034206
2001	4.0	1.1029321
2002	4.0	1.1028624
2003	4.0	1.1027315
2004	4.0	1.1034878
2005	4.0	1.1035182
2006	4.0	1.1030395
2007	4.0	1.1030898
2008	4.0	1.1031134
2009	4.0	1.1029686
201	4.0	1.1030142
2010	4.0	1.102918
2011	4.0	1.1026804
2012	4.0	1.1027275
2013	4.0	1.1024529
2014	4.0	1.102457
2015	4.0	1.1023121
2016	4.0	1.1024587
2017	4.0	1.1025187
2018	4.0	1.1023551
2019	4.0	1.1024483
202	4.0	1.1025031
2020	4.0	1.1022
2021	4.0	1.1025033
2022	4.0	1.1025966
2023	4.0	1.1025982
2024	4.0	1.1025977
2025	4.0	1.1025475
2026	4.0	1.102747
2027	4.0	1.1029932
2028	4.0	1.1027442
2029	4.0	1.1027027
203	4.0	1.1028471
2031	4.0	1.1028653
2032	4.0	1.1028931
2033	4.0	1.1029718
2034	4.0	1.1032326
2035	4.0	1.1032523
2036	4.0	1.1035103
2037	4.0	1.1034799
2038	4.0	1.1036104
2039	4.0	1.1036183
204	4.0	1.1037474
2040	4.0	1.1037942
2041	4.0	1.1040212
2042	4.0	1.1042867
2043	4.0	1.1042696
2044	4.0	1.1043311
2045	4.0	1.1043068
2046	4.0	1.1040934
2047	4.0	1.1040907
2048	4.0	1.1040457
2049	4.0	1.1040479
205	4.0	1.1040492
2050	4.0	1.1042316
2051	4.0	1.1044074
2052	4.0	1.1046093
2053	4.0	1.1055167
2054	4.0	1.105785
2055	4.0	1.1057981
2056	4.0	1.105802
2057	4.0	1.1057624
2058	4.0	1.1052558
2059	4.0	1.1053123
206	4.0	1.1052994
2060	4.0	1.1054611
2061	4.0	1.1054575
2062	4.0	1.1054645
2063	4.0	1.1054943
2064	4.0	1.1053805
2065	4.0	1.1051453
2066	4.0	1.1051097
2067	4.0	1.105005
2068	4.0	1.1049725
2069	4.0	1.1049268
207	4.0	1.1050012
2070	4.0	1.104925
2071	4.0	1.1048223
2072	4.0	1.1050484
2073	4.0	1.1050358
2074	4.0	1.1050205
2075	4.0	1.1049938
2076	4.0	1.1049237
2077	4.0	1.1048315
2078	4.0	1.1045223
2079	4.0	1.1045052
208	4.0	1.1054455
2080	4.0	1.1050173
2081	4.0	1.1047779
2082	4.0	1.1049931
2083	4.0	1.1049424
2084	4.0	1.1050158
2085	4.0	1.1048366
2086	4.0	1.1048293
2087	4.0	1.1045488
2088	4.0	1.105206
2089	4.0	1.1052003
209	4.0	1.1052796
2090	4.0	1.1052189
2091	4.0	1.1054384
2092	4.0	1.1057166
2093	4.0	1.1059955
2094	4.0	1.106034
2095	4.0	1.1060553
2096	4.0	1.105813
2097	4.0	1.1057156
2098	4.0	1.1057444
2099	4.0	1.1057142
21	4.0	1.1051316
210	4.0	1.1051269
2100	4.0	1.1045117
2101	4.0	1.1045163
2102	4.0	1.1045358
2103	4.0	1.104536
2104	4.0	1.1045027
2105	4.0	1.104436
2106	4.0	1.1044605
2107	4.0	1.1047127
2108	4.0	1.1043056
2109	4.0	1.1041687
211	4.0	1.1041409
2110	4.0	1.1040804
2111	4.0	1.1040632
2112	4.0	1.1039793
2113	4.0	1.1041968
2114	4.0	1.1040591
2115	4.0	1.1037616
2116	4.0	1.1038603
2117	4.0	1.1037635
2118	4.0	1.1035794
2119	4.0	1.1039238
212	4.0	1.1039698
2120	4.0	1.1040589
2121	4.0	1.1042836
2122	4.0	1.1047368
2123	4.0	1.1048627
2124	4.0	1.104834
2125	4.0	1.1046779
2126	4.0	1.1050607
2127	4.0	1.1050609
2128	4.0	1.1050631
2129	4.0	1.1050652
213	4.0	1.1050628
2130	4.0	1.1049073
2131	4.0	1.1049186
2132	4.0	1.104872
2133	4.0	1.1048249
2134	4.0	1.1046501
2135	4.0	1.1046253
2136	4.0	1.1046523
2137	4.0	1.1044514
2138	4.0	1.1043212
2139	4.0	1.1042075
214	4.0	1.1042016
2140	4.0	1.1039962
2141	4.0	1.103903
2142	4.0	1.1040225
2143	4.0	1.1040442
2144	4.0	1.1037
2145	4.0	1.1034384
2146	4.0	1.1034391
2147	4.0	1.1037015
2148	4.0	1.1038134
2149	4.0	1.1040546
215	4.0	1.1040212
2150	4.0	1.1038829
2151	4.0	1.103923
2152	4.0	1.1041397
2153	4.0	1.1050239
2154	4.0	1.1051481
2155	4.0	1.1050986
2156	4.0	1.1051018
2157	4.0	1.1051096
2158	4.0	1.105157
2159	4.0	1.1052059
216	4.0	1.1054372
2160	4.0	1.1053734
2161	4.0	1.1052712
2162	4.0	1.1056099
2163	4.0	1.1059082
2164	4.0	1.1059707
2165	4.0	1.1059852
2166	4.0	1.1059575
2167	4.0	1.1059581
2168	4.0	1.1059731
2169	4.0	1.1061502
217	4.0	1.1062243
2170	4.0	1.1064421
2171	4.0	1.1064031
2172	4.0	1.106399
2173	4.0	1.1063958
2174	4.0	1.1059114
2175	4.0	1.105908
2176	4.0	1.1058016
2177	4.0	1.1057787
2178	4.0	1.1057175
2179	4.0	1.105714
218	4.0	1.1057304
2180	4.0	1.1057141
2181	4.0	1.1056627
2182	4.0	1.105617
2183	4.0	1.1055374
2184	4.0	1.1054845
2185	4.0	1.1054769
2186	4.0	1.1053855
2187	4.0	1.1053748
2188	4.0	1.105562
2189	4.0	1.105549
219	4.0	1.1055458
2190	4.0	1.1055741
2191	4.0	1.1055771
2192	4.0	1.1055884
2193	4.0	1.105408
2194	4.0	1.1048074
2195	4.0	1.1048827
2196	4.0	1.1049204
2197	4.0	1.1049242
2198	4.0	1.104924
22	4.0	1.1048466
220	4.0	1.1049397
2200	4.0	1.1049428
2201	4.0	1.104931
2202	4.0	1.1048622
2203	4.0	1.104832
2204	4.0	1.1047853
2205	4.0	1.1047837
2206	4.0	1.1047223
2207	4.0	1.1047244
2208	4.0	1.1046795
2209	4.0	1.104683
2210	4.0	1.1046505
2211	4.0	1.1046594
2212	4.0	1.1046159
2213	4.0	1.1046225
2214	4.0	1.1046216
2215	4.0	1.1046154
2217	4.0	1.1046221
2218	4.0	1.1046238
2219	4.0	1.1046225
222	4.0	1.1044443
2221	4.0	1.1044567
2223	4.0	1.1044537
2226	4.0	1.1044527
2227	4.0	1.104455
223	4.0	1.1042815
2231	4.0	1.1040865
2232	4.0	1.1040998
2233	4.0	1.1041181
2234	4.0	1.1041411
2235	4.0	1.1041428
2236	4.0	1.1041136
2237	4.0	1.1040854
2238	4.0	1.1041075
2239	4.0	1.10412
224	4.0	1.1040151
2240	4.0	1.1039135
2241	4.0	1.1039903
2242	4.0	1.1039972
2243	4.0	1.1035783
2244	4.0	1.1036041
2245	4.0	1.1033777
2246	4.0	1.1033845
2247	4.0	1.1033567
2248	4.0	1.1029891
2249	4.0	1.102994
225	4.0	1.1029546
2250	4.0	1.1029613
2251	4.0	1.1029593
2252	4.0	1.1029875
2253	4.0	1.1036984
2254	4.0	1.1037
2255	4.0	1.1037741
2256	4.0	1.1038179
2257	4.0	1.1038277
2258	4.0	1.1038282
2259	4.0	1.1039759
226	4.0	1.1039776
2260	4.0	1.1040243
2261	4.0	1.1040014
2262	4.0	1.1039678
2263	4.0	1.1039975
2264	4.0	1.1040704
2265	4.0	1.1043245
2266	4.0	1.1043832
2267	4.0	1.1043941
2268	4.0	1.1039073
2269	4.0	1.1040081
227	4.0	1.1041065
2271	4.0	1.1040783
2272	4.0	1.1040398
2273	4.0	1.1037574
2275	4.0	1.1038213
2276	4.0	1.1037872
2277	4.0	1.1037889
2278	4.0	1.1035563
2279	4.0	1.103772
228	4.0	1.1037995
2280	4.0	1.1037486
2281	4.0	1.1037438
2282	4.0	1.1037115
2283	4.0	1.1037297
2284	4.0	1.103716
2285	4.0	1.1036904
2286	4.0	1.1037495
2287	4.0	1.1037158
2288	4.0	1.1035583
2289	4.0	1.1032077
229	4.0	1.1031878
2290	4.0	1.1031759
2291	4.0	1.1027297
2292	4.0	1.1027547
2293	4.0	1.1027484
2294	4.0	1.1025243
2295	4.0	1.1024888
2296	4.0	1.1027689
2297	4.0	1.102933
2298	4.0	1.1029754
2299	4.0	1.102971
23	4.0	1.1030254
230	4.0	1.1028993
2300	4.0	1.1027582
2301	4.0	1.1027207
2302	4.0	1.1022283
2303	4.0	1.1021979
2304	4.0	1.102197
2305	4.0	1.1022063
2306	4.0	1.102353
2307	4.0	1.1023959
2308	4.0	1.1023974
2309	4.0	1.102397
231	4.0	1.1029195
2310	4.0	1.1028674
2311	4.0	1.1027294
2312	4.0	1.1025631
2313	4.0	1.1023656
2314	4.0	1.1024678
2315	4.0	1.1027899
2316	4.0	1.102856
2317	4.0	1.102863
2318	4.0	1.1029261
232	4.0	1.102784
2320	4.0	1.1027797
2321	4.0	1.1023309
2322	4.0	1.1024671
2323	4.0	1.1024655
2324	4.0	1.1026002
2325	4.0	1.1026901
2326	4.0	1.1026969
2327	4.0	1.1027377
2328	4.0	1.1028858
2329	4.0	1.1027825
233	4.0	1.1027976
2330	4.0	1.1027864
2331	4.0	1.1027726
2332	4.0	1.1027801
2333	4.0	1.102605
2334	4.0	1.102572
2335	4.0	1.1029205
2336	4.0	1.1026452
2337	4.0	1.1026977
2338	4.0	1.1033884
2339	4.0	1.1033893
234	4.0	1.1037004
2340	4.0	1.1037236
2341	4.0	1.1037164
2342	4.0	1.1037194
2343	4.0	1.1037226
2344	4.0	1.1036823
2345	4.0	1.103662
2346	4.0	1.103605
2347	4.0	1.1035455
2348	4.0	1.1034288
2349	4.0	1.103341
235	4.0	1.1031561
2350	4.0	1.1031643
2351	4.0	1.103188
2352	4.0	1.1029587
2353	4.0	1.1025298
2354	4.0	1.1026759
2355	4.0	1.1019683
2356	4.0	1.102012
2357	4.0	1.1019442
2358	4.0	1.1019417
2359	4.0	1.1017379
236	4.0	1.1016846
2360	4.0	1.1016935
2361	4.0	1.1017941
2362	4.0	1.1018667
2363	4.0	1.1019701
2364	4.0	1.1020727
2365	4.0	1.1022198
2366	4.0	1.1020771
2367	4.0	1.1022794
2368	4.0	1.1024771
2369	4.0	1.1027464
237	4.0	1.102811
2370	4.0	1.102746
2371	4.0	1.1026319
2372	4.0	1.1027474
2373	4.0	1.102989
2374	4.0	1.1030068
2375	4.0	1.1031569
2376	4.0	1.1030734
2377	4.0	1.103162
2378	4.0	1.1032985
2379	4.0	1.1036232
238	4.0	1.1036596
2380	4.0	1.1041366
2381	4.0	1.1046264
2382	4.0	1.1051282
2383	4.0	1.1056666
2384	4.0	1.1058947
2385	4.0	1.1060194
2386	4.0	1.106184
2387	4.0	1.1064366
2388	4.0	1.1064384
2389	4.0	1.1067418
239	4.0	1.1068705
2390	4.0	1.1067642
2391	4.0	1.106516
2392	4.0	1.106907
2393	4.0	1.1068084
2394	4.0	1.1066633
2395	4.0	1.1066203
2396	4.0	1.1063942
2397	4.0	1.1063813
2398	4.0	1.106291
2399	4.0	1.1065016
24	4.0	1.1065756
240	4.0	1.1066139
2400	4.0	1.106628
2401	4.0	1.1064613
2402	4.0	1.1066725
2403	4.0	1.1066071
2404	4.0	1.1070865
2405	4.0	1.1070087
2406	4.0	1.1063762
2407	4.0	1.1059455
2408	4.0	1.1061687
2409	4.0	1.1061502
241	4.0	1.1061517
2410	4.0	1.1063302
2411	4.0	1.1067295
2412	4.0	1.1073649
2413	4.0	1.1074562
2414	4.0	1.1073148
2415	4.0	1.107321
2416	4.0	1.1073378
2417	4.0	1.1073548
2418	4.0	1.107351
2419	4.0	1.10734
242	4.0	1.1073294
2420	4.0	1.1071395
2421	4.0	1.1074195
2422	4.0	1.1079546
2423	4.0	1.1079224
2424	4.0	1.1078463
2425	4.0	1.1078174
2426	4.0	1.1078444
2427	4.0	1.1080774
2428	4.0	1.1083596
2429	4.0	1.1084275
243	4.0	1.1084467
2430	4.0	1.1084726
2431	4.0	1.1086905
2432	4.0	1.1086787
2433	4.0	1.1084229
2434	4.0	1.108394
2435	4.0	1.1084352
2436	4.0	1.1084234
2437	4.0	1.108372
2438	4.0	1.1083709
2439	4.0	1.1083165
244	4.0	1.1083399
2440	4.0	1.1083363
2441	4.0	1.108338
2442	4.0	1.1082677
2443	4.0	1.1082557
2444	4.0	1.1082544
2445	4.0	1.1082864
2446	4.0	1.1083616
2447	4.0	1.1084305
2448	4.0	1.108714
2449	4.0	1.1088319
245	4.0	1.1088325
2450	4.0	1.1097739
2451	4.0	1.1098752
2452	4.0	1.1099461
2453	4.0	1.1099094
2454	4.0	1.1098776
2455	4.0	1.1096505
2456	4.0	1.1100506
2457	4.0	1.1099527
2458	4.0	1.1100855
2459	4.0	1.1102487
246	4.0	1.1101097
2460	4.0	1.1103165
2461	4.0	1.1104503
2462	4.0	1.1106187
2463	4.0	1.1104729
2464	4.0	1.1104746
2465	4.0	1.1105677
2466	4.0	1.1105634
2467	4.0	1.110464
2468	4.0	1.1107552
2469	4.0	1.1106355
247	4.0	1.1105189
2470	4.0	1.1101543
2471	4.0	1.11042
2472	4.0	1.1103902
2473	4.0	1.1105816
2474	4.0	1.1104034
2475	4.0	1.110362
2476	4.0	1.1102589
2477	4.0	1.1103182
2478	4.0	1.1104639
2479	4.0	1.1105293
248	4.0	1.1105633
2480	4.0	1.1105629
2481	4.0	1.1105471
2482	4.0	1.1105508
2483	4.0	1.1105989
2484	4.0	1.1106002
2485	4.0	1.110623
2486	4.0	1.1106445
2487	4.0	1.1106528
2488	4.0	1.1106403
249	4.0	1.1105607
2490	4.0	1.1102971
2491	4.0	1.1103927
2492	4.0	1.110478
2493	4.0	1.1104789
2494	4.0	1.1104721
2495	4.0	1.1104877
2496	4.0	1.1103984
2497	4.0	1.1105258
2498	4.0	1.1107098
2499	4.0	1.1107088
25	4.0	1.1106745
250	4.0	1.110707
2500	4.0	1.1108248
2501	4.0	1.1106966
2502	4.0	1.1105074
2503	4.0	1.1105082
2504	4.0	1.1105965
2505	4.0	1.1107379
2506	4.0	1.1107576
2507	4.0	1.1108131
2509	4.0	1.1108181
251	4.0	1.1108139
2510	4.0	1.110811
2511	4.0	1.1107829
2512	4.0	1.1107937
2513	4.0	1.1109271
2514	4.0	1.1111891
2515	4.0	1.111335
2516	4.0	1.1114619
2517	4.0	1.111469
2518	4.0	1.1113642
2519	4.0	1.1113774
252	4.0	1.1112628
2520	4.0	1.11129
2521	4.0	1.1113547
2522	4.0	1.111446
2523	4.0	1.1114978
2524	4.0	1.1115106
2525	4.0	1.111759
2526	4.0	1.1119069
2527	4.0	1.1117755
2528	4.0	1.11159
2529	4.0	1.1113998
253	4.0	1.1112902
2530	4.0	1.111396
2531	4.0	1.1115277
2532	4.0	1.1116965
2533	4.0	1.1117755
2534	4.0	1.1117836
2535	4.0	1.1118073
2536	4.0	1.11189
2537	4.0	1.1119595
2538	4.0	1.111964
2539	4.0	1.111777
254	4.0	1.1117661
2540	4.0	1.1117777
2541	4.0	1.111796
2542	4.0	1.11171
2543	4.0	1.1117082
2544	4.0	1.1117091
2545	4.0	1.11172
2546	4.0	1.1117257
2548	4.0	1.1118944
2549	4.0	1.112214
255	4.0	1.1123514
2550	4.0	1.1123943
2551	4.0	1.1124119
2552	4.0	1.1124805
2553	4.0	1.1124406
2554	4.0	1.1124624
2555	4.0	1.1129527
2556	4.0	1.1129519
2557	4.0	1.1129549
2558	4.0	1.1130377
2559	4.0	1.1130708
256	4.0	1.113219
2560	4.0	1.1132914
2561	4.0	1.1132891
2562	4.0	1.1132988
2563	4.0	1.1132979
2565	4.0	1.1132039
2566	4.0	1.1132576
2567	4.0	1.1131722
2568	4.0	1.1135535
2569	4.0	1.1135525
257	4.0	1.1135545
2570	4.0	1.1135291
2571	4.0	1.1138564
2572	4.0	1.113711
2573	4.0	1.1136947
2574	4.0	1.1138154
2575	4.0	1.1137971
2576	4.0	1.1138024
2577	4.0	1.1137878
2578	4.0	1.1137842
2579	4.0	1.1137751
258	4.0	1.1139674
2580	4.0	1.1137568
2581	4.0	1.1137134
2582	4.0	1.113739
2583	4.0	1.1136928
2584	4.0	1.113692
2585	4.0	1.1136844
2586	4.0	1.1136954
2587	4.0	1.1136962
2589	4.0	1.1137383
259	4.0	1.11377
2590	4.0	1.1137837
2591	4.0	1.1137879
2592	4.0	1.113787
2593	4.0	1.1137818
2594	4.0	1.1137851
2596	4.0	1.1137766
2597	4.0	1.1138325
2598	4.0	1.1138701
2599	4.0	1.1135005
26	4.0	1.1134696
260	4.0	1.1138047
2600	4.0	1.1139014
2602	4.0	1.1139058
2605	4.0	1.1138511
2606	4.0	1.1140722
2607	4.0	1.1140643
2608	4.0	1.1140643
2609	4.0	1.1140541
261	4.0	1.1139603
2610	4.0	1.1139467
2611	4.0	1.1139029
2612	4.0	1.1138573
2613	4.0	1.1138608
2614	4.0	1.1139536
2615	4.0	1.1139605
2616	4.0	1.1142815
2617	4.0	1.1143328
2618	4.0	1.114325
2619	4.0	1.1143242
262	4.0	1.1142945
2620	4.0	1.1142746
2621	4.0	1.1142625
2622	4.0	1.114204
2623	4.0	1.1142064
2624	4.0	1.1142045
2625	4.0	1.1142193
2626	4.0	1.1142168
2627	4.0	1.1142155
2628	4.0	1.1143368
2629	4.0	1.114407
263	4.0	1.114402
2630	4.0	1.1144018
2631	4.0	1.114411
2632	4.0	1.1144212
2633	4.0	1.114428
2634	4.0	1.1144257
2635	4.0	1.1144383
2636	4.0	1.1144505
2637	4.0	1.114474
2638	4.0	1.1144928
2639	4.0	1.1144959
264	4.0	1.1144972
2640	4.0	1.1140876
2641	4.0	1.1140234
2642	4.0	1.1145918
2643	4.0	1.115357
2644	4.0	1.1153611
2645	4.0	1.1153703
2646	4.0	1.115393
2647	4.0	1.1154085
2648	4.0	1.1153574
2649	4.0	1.1153593
265	4.0	1.1152722
2650	4.0	1.1153
2651	4.0	1.1153164
2652	4.0	1.115354
2653	4.0	1.1153855
2654	4.0	1.1153504
2655	4.0	1.1154828
2656	4.0	1.1155221
2657	4.0	1.115984
2658	4.0	1.1159891
2659	4.0	1.115987
266	4.0	1.1159705
2660	4.0	1.1159762
2661	4.0	1.1159829
2662	4.0	1.1157839
2663	4.0	1.1157908
2664	4.0	1.1156942
2665	4.0	1.1156933
2666	4.0	1.1157019
2667	4.0	1.1157556
2668	4.0	1.1159382
2669	4.0	1.115902
267	4.0	1.1160222
2670	4.0	1.1159213
2671	4.0	1.1157545
2672	4.0	1.115739
2673	4.0	1.1157429
2674	4.0	1.1157671
2675	4.0	1.1157708
2676	4.0	1.1157762
2677	4.0	1.1157701
2678	4.0	1.1157727
2679	4.0	1.1157761
268	4.0	1.115754
2681	4.0	1.1157598
2682	4.0	1.1157342
2683	4.0	1.1158826
2685	4.0	1.1158813
2686	4.0	1.1157827
2687	4.0	1.1157169
2688	4.0	1.115683
2689	4.0	1.1156833
269	4.0	1.1156559
2690	4.0	1.1155499
2691	4.0	1.1155553
2692	4.0	1.1154737
2693	4.0	1.1154264
2694	4.0	1.1155075
2695	4.0	1.1155243
2696	4.0	1.1155304
2697	4.0	1.1155107
2699	4.0	1.1155677
27	4.0	1.1155747
270	4.0	1.1155889
2700	4.0	1.1159165
2701	4.0	1.1173834
2702	4.0	1.1174234
2703	4.0	1.1174227
2704	4.0	1.1174465
2705	4.0	1.1174599
2706	4.0	1.1173975
2707	4.0	1.117276
2708	4.0	1.1172614
2709	4.0	1.1172831
271	4.0	1.117273
2710	4.0	1.1180887
2711	4.0	1.1180804
2712	4.0	1.11846
2713	4.0	1.118862
2714	4.0	1.1188517
2715	4.0	1.1188838
2716	4.0	1.1182199
2717	4.0	1.118308
2718	4.0	1.118404
2719	4.0	1.1189315
272	4.0	1.118789
2720	4.0	1.1193588
2721	4.0	1.1193568
2722	4.0	1.1195525
2723	4.0	1.1198233
2724	4.0	1.1198429
2725	4.0	1.1198276
2726	4.0	1.1198062
2727	4.0	1.1197885
2728	4.0	1.119681
2729	4.0	1.1196103
273	4.0	1.1196867
2730	4.0	1.1196982
2731	4.0	1.1197044
2732	4.0	1.119703
2733	4.0	1.1197625
2734	4.0	1.1196171
2735	4.0	1.1196767
2736	4.0	1.1195942
2737	4.0	1.1195968
2738	4.0	1.119579
2739	4.0	1.1195438
274	4.0	1.119567
2740	4.0	1.1195748
2741	4.0	1.1195894
2742	4.0	1.1195905
2743	4.0	1.119578
2744	4.0	1.1195658
2745	4.0	1.1195161
2746	4.0	1.1194499
2747	4.0	1.1194342
2748	4.0	1.1196609
2749	4.0	1.1196233
275	4.0	1.1196806
2750	4.0	1.119594
2751	4.0	1.1196103
2752	4.0	1.1196105
2753	4.0	1.1195841
2754	4.0	1.1196094
2755	4.0	1.1196266
2756	4.0	1.119615
2757	4.0	1.1195507
2758	4.0	1.1195576
2759	4.0	1.1194836
276	4.0	1.1195763
2760	4.0	1.1195804
2761	4.0	1.1194962
2762	4.0	1.11962
2763	4.0	1.1193056
2764	4.0	1.1192645
2765	4.0	1.1192708
2766	4.0	1.1192573
2767	4.0	1.1192677
2768	4.0	1.119269
2769	4.0	1.1192698
277	4.0	1.119246
2770	4.0	1.1191231
2771	4.0	1.1191612
2772	4.0	1.1192144
2773	4.0	1.1192236
2774	4.0	1.11923
2775	4.0	1.1192337
2776	4.0	1.1192389
2777	4.0	1.1192502
2778	4.0	1.1192628
2779	4.0	1.1191239
278	4.0	1.1191345
2780	4.0	1.1191463
2781	4.0	1.1191549
2782	4.0	1.1191306
2783	4.0	1.119135
2784	4.0	1.1191306
2785	4.0	1.1191379
2786	4.0	1.1192187
2787	4.0	1.1192149
2788	4.0	1.119107
2789	4.0	1.1191245
279	4.0	1.1191138
2790	4.0	1.1191392
2791	4.0	1.1189523
2792	4.0	1.1190399
2793	4.0	1.1191869
2794	4.0	1.1193011
2795	4.0	1.1191761
2796	4.0	1.1192356
2797	4.0	1.1187712
2798	4.0	1.1190794
2799	4.0	1.1193798
28	4.0	1.1193411
280	4.0	1.1192551
2800	4.0	1.1192706
2801	4.0	1.1192621
2802	4.0	1.119203
2803	4.0	1.1191392
2804	4.0	1.1191239
2805	4.0	1.1191807
2806	4.0	1.1193053
2807	4.0	1.1195086
2808	4.0	1.1197858
2809	4.0	1.1198039
281	4.0	1.1197087
2810	4.0	1.1197103
2811	4.0	1.1197087
2812	4.0	1.119701
2813	4.0	1.1197059
2814	4.0	1.1197053
2815	4.0	1.1198527
2816	4.0	1.1201308
2817	4.0	1.120464
2818	4.0	1.1206154
2819	4.0	1.1205008
282	4.0	1.1205188
2820	4.0	1.1205161
2821	4.0	1.1205171
2822	4.0	1.1205225
2823	4.0	1.1205307
2824	4.0	1.1205238
2825	4.0	1.1205319
2826	4.0	1.1206615
2827	4.0	1.1209584
2828	4.0	1.1211526
2829	4.0	1.1211734
283	4.0	1.1211745
2830	4.0	1.1211783
2831	4.0	1.12118
2833	4.0	1.1211815
2834	4.0	1.121186
2835	4.0	1.121219
2836	4.0	1.1211635
2837	4.0	1.1211646
2839	4.0	1.121162
2840	4.0	1.1213208
2841	4.0	1.1211371
2842	4.0	1.121125
2843	4.0	1.1211232
2844	4.0	1.1211272
2845	4.0	1.1211314
2846	4.0	1.1211015
2847	4.0	1.1210929
2848	4.0	1.1210836
2849	4.0	1.1210909
2850	4.0	1.121097
2851	4.0	1.1211892
2852	4.0	1.1210994
2853	4.0	1.1211091
2854	4.0	1.1211191
2855	4.0	1.1211268
2856	4.0	1.1211734
2857	4.0	1.1211457
2858	4.0	1.121764
2859	4.0	1.1217204
286	4.0	1.1217197
2860	4.0	1.1217036
2861	4.0	1.1218095
2862	4.0	1.121885
2863	4.0	1.1218247
2864	4.0	1.1218456
2865	4.0	1.1218451
2866	4.0	1.1217445
2867	4.0	1.1216902
2868	4.0	1.121751
2869	4.0	1.1217536
287	4.0	1.121756
2870	4.0	1.121664
2871	4.0	1.1215162
2872	4.0	1.1213655
2873	4.0	1.1213694
2874	4.0	1.12135
2875	4.0	1.1213385
2876	4.0	1.1213744
2877	4.0	1.1214019
2878	4.0	1.1214484
2879	4.0	1.1214049
288	4.0	1.1217465
2880	4.0	1.1217362
2881	4.0	1.1217284
2882	4.0	1.1218162
2883	4.0	1.121739
2884	4.0	1.121756
2885	4.0	1.1217395
2886	4.0	1.121797
2887	4.0	1.1218022
2888	4.0	1.1218786
2889	4.0	1.1218071
289	4.0	1.1217644
2890	4.0	1.1215963
2891	4.0	1.1215608
2892	4.0	1.1215744
2893	4.0	1.1216048
2894	4.0	1.1216189
2895	4.0	1.1216176
2896	4.0	1.1216091
2897	4.0	1.1216142
2898	4.0	1.1216494
2899	4.0	1.1216205
29	4.0	1.1216094
290	4.0	1.1215779
2900	4.0	1.1216719
2901	4.0	1.1217289
2902	4.0	1.1218592
2903	4.0	1.1220047
2904	4.0	1.1220064
2905	4.0	1.1220143
2906	4.0	1.1222743
2907	4.0	1.1225233
2908	4.0	1.1225009
2909	4.0	1.1225001
291	4.0	1.1225572
2911	4.0	1.1225595
2912	4.0	1.1224698
2913	4.0	1.1224785
2914	4.0	1.1224945
2915	4.0	1.1222153
2916	4.0	1.1216567
2917	4.0	1.1215217
2918	4.0	1.1212705
2919	4.0	1.121158
292	4.0	1.1209996
2920	4.0	1.120997
2921	4.0	1.1208934
2922	4.0	1.1207857
2923	4.0	1.1207777
2924	4.0	1.1207718
2925	4.0	1.1207749
2926	4.0	1.12075
2927	4.0	1.120748
2928	4.0	1.1207385
2929	4.0	1.1207311
293	4.0	1.120565
2930	4.0	1.1205653
2931	4.0	1.1205672
2932	4.0	1.1205591
2933	4.0	1.1205615
2934	4.0	1.1205688
2935	4.0	1.1205674
2936	4.0	1.120552
2937	4.0	1.1205448
2938	4.0	1.1205491
2939	4.0	1.1205373
294	4.0	1.120535
2940	4.0	1.1205127
2941	4.0	1.1204364
2942	4.0	1.1204581
2943	4.0	1.1204067
2944	4.0	1.1201982
2945	4.0	1.12021
2946	4.0	1.1201466
2947	4.0	1.1198834
2948	4.0	1.1196091
2949	4.0	1.1193666
295	4.0	1.1193688
2950	4.0	1.1197213
2951	4.0	1.1195621
2952	4.0	1.119504
2953	4.0	1.1198354
2955	4.0	1.1198435
2956	4.0	1.1198187
2959	4.0	1.1199814
296	4.0	1.1202705
2960	4.0	1.1202723
2961	4.0	1.1204158
2962	4.0	1.1204188
2963	4.0	1.1204147
2964	4.0	1.1204238
2965	4.0	1.1205469
2966	4.0	1.1204753
2967	4.0	1.1204518
2968	4.0	1.1202669
2969	4.0	1.1202557
297	4.0	1.1202674
2970	4.0	1.1202443
2971	4.0	1.120202
2972	4.0	1.1202013
2973	4.0	1.1201203
2974	4.0	1.1202633
2975	4.0	1.1202884
2976	4.0	1.1204661
2977	4.0	1.1204891
2978	4.0	1.1205132
2979	4.0	1.1205652
298	4.0	1.1205531
2981	4.0	1.1205564
2982	4.0	1.1206081
2983	4.0	1.1205908
2984	4.0	1.1205931
2985	4.0	1.1203704
2986	4.0	1.1207843
2987	4.0	1.120373
2988	4.0	1.1203238
2989	4.0	1.1201768
299	4.0	1.1201519
2990	4.0	1.1201046
2991	4.0	1.1199409
2992	4.0	1.1199715
2993	4.0	1.119814
2994	4.0	1.1198126
2995	4.0	1.1201881
2996	4.0	1.1202061
2997	4.0	1.1203207
2998	4.0	1.1203243
2999	4.0	1.1203226
3	4.0	1.1203969
30	4.0	1.1203842
300	4.0	1.1200976
3000	4.0	1.1200867
3001	4.0	1.1200981
3002	4.0	1.1200885
3003	4.0	1.1200901
3004	4.0	1.1202899
3005	4.0	1.1201543
3006	4.0	1.1199661
3007	4.0	1.1199685
3008	4.0	1.1199651
301	4.0	1.1199555
3010	4.0	1.1199502
3011	4.0	1.1199123
3012	4.0	1.1199181
3013	4.0	1.1199439
3014	4.0	1.1199554
3015	4.0	1.1199154
3016	4.0	1.1198426
3017	4.0	1.1199137
3018	4.0	1.1199478
3019	4.0	1.1198517
302	4.0	1.1198344
3020	4.0	1.1197637
3021	4.0	1.1197965
3022	4.0	1.1198229
3024	4.0	1.1199859
3025	4.0	1.1199836
3026	4.0	1.1200068
3027	4.0	1.1200309
3028	4.0	1.1200131
3029	4.0	1.1199638
303	4.0	1.1199948
3030	4.0	1.1200156
3031	4.0	1.1200918
3032	4.0	1.1200516
3033	4.0	1.1201841
3034	4.0	1.1201075
3035	4.0	1.1200275
3036	4.0	1.120052
3037	4.0	1.119913
3038	4.0	1.1199025
3039	4.0	1.11958
304	4.0	1.119581
3040	4.0	1.1195422
3041	4.0	1.1196985
3042	4.0	1.119864
3043	4.0	1.1199614
3044	4.0	1.1197793
3045	4.0	1.11978
3046	4.0	1.1197598
3047	4.0	1.1197513
3048	4.0	1.1198226
3049	4.0	1.1198176
305	4.0	1.1199043
3050	4.0	1.119912
3051	4.0	1.1199142
3052	4.0	1.1199125
3053	4.0	1.1200194
3054	4.0	1.1202855
3055	4.0	1.1202728
3056	4.0	1.1202685
3057	4.0	1.1202669
3058	4.0	1.1202829
306	4.0	1.1202651
3060	4.0	1.1200649
3061	4.0	1.1199892
3062	4.0	1.1199055
3063	4.0	1.1199533
3064	4.0	1.1200054
3065	4.0	1.1200047
3066	4.0	1.1199654
3067	4.0	1.1198707
3068	4.0	1.1197119
3069	4.0	1.1196883
307	4.0	1.1196676
3070	4.0	1.1197244
3071	4.0	1.1195819
3072	4.0	1.1194323
3073	4.0	1.1194328
3074	4.0	1.119398
3075	4.0	1.1193823
3076	4.0	1.1193601
3077	4.0	1.1193581
3078	4.0	1.1193148
3079	4.0	1.1192689
308	4.0	1.1192331
3081	4.0	1.1189634
3082	4.0	1.1188066
3083	4.0	1.1187911
3084	4.0	1.1187897
3085	4.0	1.1187928
3086	4.0	1.1187888
3087	4.0	1.118639
3088	4.0	1.1185763
3089	4.0	1.1185703
309	4.0	1.1185681
3090	4.0	1.1185349
3091	4.0	1.1185282
3092	4.0	1.1185299
3093	4.0	1.1185327
3094	4.0	1.1185143
3095	4.0	1.1184878
3096	4.0	1.118463
3097	4.0	1.1184131
3098	4.0	1.1182516
3099	4.0	1.1182337
31	4.0	1.1182239
310	4.0	1.1182274
3100	4.0	1.1180824
3101	4.0	1.117871
3102	4.0	1.1177858
3103	4.0	1.1177776
3104	4.0	1.117549
3105	4.0	1.117327
3106	4.0	1.1173285
3107	4.0	1.1170733
3108	4.0	1.1169456
3109	4.0	1.1169333
311	4.0	1.1169327
3110	4.0	1.1169258
3111	4.0	1.1168683
3112	4.0	1.1168699
3113	4.0	1.1171962
3114	4.0	1.1171356
3115	4.0	1.1171423
3116	4.0	1.1171455
3117	4.0	1.1171498
3118	4.0	1.1171311
3119	4.0	1.1171379
312	4.0	1.1172364
3120	4.0	1.1172327
3121	4.0	1.1172273
3122	4.0	1.1172123
3123	4.0	1.1172234
3124	4.0	1.1172258
3125	4.0	1.1172282
3126	4.0	1.1172259
3127	4.0	1.1172295
3128	4.0	1.1172199
3129	4.0	1.11714
313	4.0	1.1171608
3130	4.0	1.1172513
3131	4.0	1.11725
3132	4.0	1.117236
3133	4.0	1.1172352
3134	4.0	1.1172647
3135	4.0	1.1172208
3136	4.0	1.117223
3137	4.0	1.1172156
3138	4.0	1.1172118
3139	4.0	1.1172147
314	4.0	1.117155
3140	4.0	1.1171598
3141	4.0	1.1171569
3142	4.0	1.1171556
3143	4.0	1.1171516
3144	4.0	1.1171418
3145	4.0	1.117119
3146	4.0	1.1173141
3147	4.0	1.1172404
3148	4.0	1.1170901
3149	4.0	1.1171001
315	4.0	1.1172097
3150	4.0	1.1172115
3151	4.0	1.1172123
3152	4.0	1.1171416
3153	4.0	1.117075
3154	4.0	1.1170709
3155	4.0	1.1170222
3156	4.0	1.1172206
3157	4.0	1.1172209
3158	4.0	1.1172084
3159	4.0	1.1171857
316	4.0	1.1170093
3160	4.0	1.1171025
3161	4.0	1.1170994
3162	4.0	1.1171122
3163	4.0	1.1171309
3164	4.0	1.1171302
3165	4.0	1.1171606
3166	4.0	1.1171796
3167	4.0	1.1171433
3168	4.0	1.1170657
3169	4.0	1.1169727
317	4.0	1.1169552
3171	4.0	1.116944
3172	4.0	1.1169446
3173	4.0	1.1169772
3174	4.0	1.1168635
3175	4.0	1.1165185
3176	4.0	1.1164545
3177	4.0	1.1165522
3178	4.0	1.1164572
3179	4.0	1.1164274
318	4.0	1.1166782
3180	4.0	1.1167521
3181	4.0	1.1167617
3182	4.0	1.1167477
3183	4.0	1.116744
3184	4.0	1.1167437
3185	4.0	1.11673
3186	4.0	1.116652
3187	4.0	1.1166515
3188	4.0	1.116648
3189	4.0	1.1165737
319	4.0	1.116504
3190	4.0	1.1166962
3192	4.0	1.1166894
3194	4.0	1.1166859
3196	4.0	1.1166272
3197	4.0	1.1165569
3198	4.0	1.1164753
3199	4.0	1.1164615
32	4.0	1.116269
320	4.0	1.1162657
3200	4.0	1.1162204
3201	4.0	1.1161697
3202	4.0	1.1161734
3203	4.0	1.1160151
3204	4.0	1.1159459
3205	4.0	1.1159544
3206	4.0	1.115946
3207	4.0	1.1159443
3208	4.0	1.116073
3209	4.0	1.1160766
321	4.0	1.1160628
3210	4.0	1.1158882
3211	4.0	1.1158599
3212	4.0	1.1158602
3213	4.0	1.1158396
3214	4.0	1.1158197
3215	4.0	1.1158196
3216	4.0	1.1158229
3217	4.0	1.1158103
3218	4.0	1.1158092
3219	4.0	1.115719
322	4.0	1.1156886
3220	4.0	1.1156895
3221	4.0	1.115692
3222	4.0	1.1156859
3223	4.0	1.1156832
3224	4.0	1.1156781
3225	4.0	1.1157789
3228	4.0	1.1157861
3229	4.0	1.1157854
3230	4.0	1.1157609
3232	4.0	1.1157652
3233	4.0	1.1157662
3235	4.0	1.1157888
3236	4.0	1.1157901
3237	4.0	1.1157937
3238	4.0	1.1161653
3239	4.0	1.1161947
324	4.0	1.1161834
3240	4.0	1.11618
3241	4.0	1.1161721
3242	4.0	1.1161702
3243	4.0	1.1163653
3244	4.0	1.1162729
3245	4.0	1.1162742
3246	4.0	1.1161721
3247	4.0	1.1161759
3248	4.0	1.116305
3249	4.0	1.1162876
325	4.0	1.1163325
3250	4.0	1.116215
3251	4.0	1.1161563
3252	4.0	1.1160461
3253	4.0	1.115784
3254	4.0	1.1158409
3255	4.0	1.1154926
3256	4.0	1.1151233
3257	4.0	1.1152712
3258	4.0	1.1153836
3259	4.0	1.1153257
326	4.0	1.115326
3260	4.0	1.1152351
3261	4.0	1.1150976
3262	4.0	1.1151693
3263	4.0	1.1150821
3264	4.0	1.1150855
3265	4.0	1.1150676
3266	4.0	1.1150625
3267	4.0	1.1149493
3268	4.0	1.1152992
3269	4.0	1.1152321
327	4.0	1.1155384
3270	4.0	1.1155014
3271	4.0	1.1153978
3272	4.0	1.1154224
3273	4.0	1.1157124
3274	4.0	1.1156511
3275	4.0	1.1156584
3276	4.0	1.1156785
3277	4.0	1.1156778
328	4.0	1.1156853
3280	4.0	1.1156858
3281	4.0	1.1156737
3282	4.0	1.1156696
3283	4.0	1.1156603
3284	4.0	1.115655
3285	4.0	1.1158489
3286	4.0	1.1159887
3287	4.0	1.1160512
3288	4.0	1.1160526
3289	4.0	1.1160477
329	4.0	1.1158777
3290	4.0	1.1158772
3291	4.0	1.115878
3292	4.0	1.1158752
3293	4.0	1.1158746
3294	4.0	1.1158775
3295	4.0	1.1158762
3296	4.0	1.1158108
3297	4.0	1.1158116
3298	4.0	1.1156547
3299	4.0	1.1158081
33	4.0	1.115807
330	4.0	1.1158698
3300	4.0	1.1158668
3301	4.0	1.1157614
3302	4.0	1.1157595
3303	4.0	1.1157609
3304	4.0	1.1157444
3305	4.0	1.115743
3306	4.0	1.1157433
3307	4.0	1.1157565
3308	4.0	1.1156963
3309	4.0	1.1157024
331	4.0	1.1156977
3310	4.0	1.1156951
3311	4.0	1.1156847
3312	4.0	1.1156882
3313	4.0	1.1157038
3314	4.0	1.1157064
3315	4.0	1.1157073
3316	4.0	1.1158106
3317	4.0	1.115704
3318	4.0	1.1156995
3319	4.0	1.1157035
332	4.0	1.1158031
3320	4.0	1.1158016
3321	4.0	1.1158023
3322	4.0	1.115804
3323	4.0	1.1158034
3324	4.0	1.1159036
3325	4.0	1.1160605
3326	4.0	1.1161186
3327	4.0	1.1161469
3328	4.0	1.1161376
3329	4.0	1.1161274
333	4.0	1.1161442
3330	4.0	1.1161218
3331	4.0	1.1161536
3333	4.0	1.1161537
3334	4.0	1.1160417
3335	4.0	1.1160492
3336	4.0	1.116048
3337	4.0	1.1160468
3338	4.0	1.1160512
3339	4.0	1.1160333
334	4.0	1.1160259
3340	4.0	1.1160791
3341	4.0	1.1160367
3342	4.0	1.1159925
3343	4.0	1.1160243
3344	4.0	1.1160364
3345	4.0	1.1160306
3346	4.0	1.1160316
3347	4.0	1.1159554
3349	4.0	1.1159551
335	4.0	1.1159436
3350	4.0	1.1159103
3351	4.0	1.11591
3352	4.0	1.1159098
3353	4.0	1.1159084
3354	4.0	1.1163986
3355	4.0	1.1164882
3357	4.0	1.1164905
3358	4.0	1.1164308
3359	4.0	1.1163118
336	4.0	1.1163217
3360	4.0	1.1161865
3361	4.0	1.1159549
3362	4.0	1.1157612
3363	4.0	1.1155477
3364	4.0	1.1155063
3365	4.0	1.1154983
3366	4.0	1.1154022
3367	4.0	1.1153901
3368	4.0	1.1153815
337	4.0	1.1152223
3370	4.0	1.11519
3371	4.0	1.1151844
3372	4.0	1.1151633
3373	4.0	1.115163
3374	4.0	1.1151664
3375	4.0	1.1151613
3376	4.0	1.1151646
3377	4.0	1.1151634
3378	4.0	1.1151611
3379	4.0	1.1151392
338	4.0	1.1151816
3380	4.0	1.1151836
3381	4.0	1.1151824
3382	4.0	1.1151829
3384	4.0	1.1150901
3385	4.0	1.1151489
3386	4.0	1.1150386
3387	4.0	1.1150964
3388	4.0	1.1151826
3389	4.0	1.1151936
339	4.0	1.1150433
3390	4.0	1.1151104
3391	4.0	1.1152009
3392	4.0	1.1154441
3393	4.0	1.1155071
3394	4.0	1.1155881
3395	4.0	1.1155931
3396	4.0	1.1154666
3397	4.0	1.1153823
3398	4.0	1.1153212
3399	4.0	1.1153333
34	4.0	1.1152536
340	4.0	1.1152389
3400	4.0	1.1152651
3401	4.0	1.115391
3402	4.0	1.1153822
3403	4.0	1.1153861
3404	4.0	1.1153934
3405	4.0	1.1153518
3406	4.0	1.1153171
3407	4.0	1.1153233
3408	4.0	1.1150274
3409	4.0	1.1150333
341	4.0	1.1150306
3410	4.0	1.1150292
3412	4.0	1.1150129
3413	4.0	1.1150116
3414	4.0	1.1150035
3415	4.0	1.1150122
3416	4.0	1.1150243
3417	4.0	1.1150113
3418	4.0	1.1147475
3419	4.0	1.1147487
342	4.0	1.1146711
3420	4.0	1.114615
3421	4.0	1.114562
3422	4.0	1.114527
3423	4.0	1.114542
3424	4.0	1.114457
3425	4.0	1.1144478
3426	4.0	1.1144282
3427	4.0	1.1144007
3428	4.0	1.1144127
3429	4.0	1.1144031
343	4.0	1.1144476
3430	4.0	1.1144314
3431	4.0	1.1144794
3432	4.0	1.1145569
3433	4.0	1.1146266
3434	4.0	1.1146785
3435	4.0	1.1146758
3436	4.0	1.1147074
3437	4.0	1.1147314
3438	4.0	1.1149856
3439	4.0	1.1153016
344	4.0	1.1154165
3440	4.0	1.1157109
3441	4.0	1.1156737
3442	4.0	1.1157038
3443	4.0	1.1157018
3444	4.0	1.1157244
3445	4.0	1.1156951
3446	4.0	1.1156988
3447	4.0	1.1156977
3448	4.0	1.1153663
3449	4.0	1.1153673
345	4.0	1.1153167
3450	4.0	1.115195
3451	4.0	1.1151088
3452	4.0	1.1151013
3453	4.0	1.115169
3454	4.0	1.1151844
3456	4.0	1.115185
3457	4.0	1.1152292
3458	4.0	1.1152287
3459	4.0	1.1152568
346	4.0	1.1152321
3460	4.0	1.1152353
3461	4.0	1.115176
3462	4.0	1.1151694
3463	4.0	1.1151832
3464	4.0	1.1152014
3465	4.0	1.1152028
3466	4.0	1.115146
3467	4.0	1.1151062
3468	4.0	1.1150322
3469	4.0	1.1150142
347	4.0	1.1150234
3470	4.0	1.1150162
3471	4.0	1.1147975
3472	4.0	1.1148043
3473	4.0	1.114801
3474	4.0	1.1147982
3475	4.0	1.1147652
3476	4.0	1.1147205
3477	4.0	1.1147784
3478	4.0	1.1147
3479	4.0	1.1145772
348	4.0	1.1144872
3480	4.0	1.1144452
3481	4.0	1.1142594
3482	4.0	1.114259
3483	4.0	1.1142907
3484	4.0	1.1144425
3485	4.0	1.1144465
3486	4.0	1.1144507
3487	4.0	1.1144401
3488	4.0	1.1144725
3489	4.0	1.1145701
349	4.0	1.1142255
3490	4.0	1.1142398
3491	4.0	1.1142478
3492	4.0	1.1142466
3493	4.0	1.1142532
3494	4.0	1.1141862
3495	4.0	1.1141824
3496	4.0	1.1141757
3497	4.0	1.1141739
3498	4.0	1.1141045
3499	4.0	1.113902
35	4.0	1.1138873
350	4.0	1.113752
3500	4.0	1.1138116
3501	4.0	1.1137719
3502	4.0	1.1137596
3503	4.0	1.1137635
3504	4.0	1.1136718
3505	4.0	1.1135874
3506	4.0	1.113542
3507	4.0	1.1134527
3508	4.0	1.1133914
3509	4.0	1.1134129
351	4.0	1.1133943
3510	4.0	1.113226
3511	4.0	1.1132698
3512	4.0	1.1131939
3513	4.0	1.1131017
3514	4.0	1.1131034
3515	4.0	1.1131401
3516	4.0	1.1130825
3517	4.0	1.1130823
3518	4.0	1.1130887
3519	4.0	1.1130449
352	4.0	1.1130607
3520	4.0	1.1130903
3521	4.0	1.1130553
3522	4.0	1.1130546
3523	4.0	1.1130563
3524	4.0	1.1129928
3525	4.0	1.1129899
3526	4.0	1.112788
3527	4.0	1.1125834
3528	4.0	1.1126155
3529	4.0	1.112577
353	4.0	1.112566
3530	4.0	1.1125654
3531	4.0	1.112571
3532	4.0	1.1125726
3533	4.0	1.1125734
3534	4.0	1.1125371
3535	4.0	1.1126529
3536	4.0	1.1125363
3537	4.0	1.1125255
3538	4.0	1.1124882
3539	4.0	1.1124831
354	4.0	1.1124773
3540	4.0	1.1124903
3542	4.0	1.1124904
3543	4.0	1.1123099
3544	4.0	1.1123574
3545	4.0	1.1123499
3546	4.0	1.1123164
3547	4.0	1.112291
3548	4.0	1.1122638
3549	4.0	1.1122416
355	4.0	1.1124462
3550	4.0	1.1124234
3551	4.0	1.1123042
3552	4.0	1.112259
3553	4.0	1.1122836
3554	4.0	1.112285
3555	4.0	1.1120993
3556	4.0	1.1120534
3557	4.0	1.1120548
3559	4.0	1.1120489
356	4.0	1.1120943
3562	4.0	1.112097
3563	4.0	1.1121149
3564	4.0	1.1123271
3565	4.0	1.1123375
3566	4.0	1.1123403
3567	4.0	1.1123312
3568	4.0	1.1123333
3569	4.0	1.1123569
357	4.0	1.112113
3570	4.0	1.1121104
3571	4.0	1.1121198
3572	4.0	1.112257
3573	4.0	1.1123148
3574	4.0	1.1123662
3575	4.0	1.1123657
3576	4.0	1.1122885
3577	4.0	1.1123164
3578	4.0	1.1122106
3579	4.0	1.1122694
358	4.0	1.1122764
3580	4.0	1.1122763
3581	4.0	1.1122775
3584	4.0	1.112303
3585	4.0	1.1122997
3586	4.0	1.1123015
3587	4.0	1.1123139
3588	4.0	1.1123036
359	4.0	1.1122992
3590	4.0	1.1122959
3591	4.0	1.1121336
3592	4.0	1.1121403
3593	4.0	1.1128465
3594	4.0	1.1128395
3595	4.0	1.1128432
3596	4.0	1.1128957
3597	4.0	1.1129168
3598	4.0	1.1129444
3599	4.0	1.1129321
36	4.0	1.1127454
360	4.0	1.1128304
3600	4.0	1.1128588
3601	4.0	1.1128576
3602	4.0	1.112852
3603	4.0	1.1128527
3604	4.0	1.1128274
3605	4.0	1.1128284
3606	4.0	1.1127877
3607	4.0	1.1127881
3608	4.0	1.1128868
3609	4.0	1.1128855
361	4.0	1.1128135
3610	4.0	1.1128297
3611	4.0	1.1128323
3612	4.0	1.1128322
3613	4.0	1.1128044
3614	4.0	1.1126887
3615	4.0	1.1126752
3616	4.0	1.1127712
3617	4.0	1.1127917
3618	4.0	1.1127551
3619	4.0	1.1127559
362	4.0	1.1127244
3620	4.0	1.1127309
3621	4.0	1.1127354
3622	4.0	1.112713
3623	4.0	1.1128238
3624	4.0	1.1126748
3625	4.0	1.1126722
3626	4.0	1.1127228
3627	4.0	1.112734
3628	4.0	1.1127067
3629	4.0	1.112701
363	4.0	1.112696
3631	4.0	1.1126958
3632	4.0	1.1126946
3633	4.0	1.112641
3634	4.0	1.1126165
3635	4.0	1.1124624
3636	4.0	1.1124682
3637	4.0	1.1124642
3638	4.0	1.112427
3639	4.0	1.112288
364	4.0	1.1121407
3640	4.0	1.1121385
3641	4.0	1.112145
3642	4.0	1.1121428
3643	4.0	1.1121099
3644	4.0	1.112104
3645	4.0	1.1121098
3646	4.0	1.112245
3647	4.0	1.1122444
3648	4.0	1.1122458
3649	4.0	1.1122148
365	4.0	1.112207
3651	4.0	1.1122133
3652	4.0	1.1122141
3653	4.0	1.112177
3654	4.0	1.1120377
3655	4.0	1.1120244
3656	4.0	1.1120249
3657	4.0	1.1120237
3658	4.0	1.1120263
3659	4.0	1.1120425
366	4.0	1.1121669
3660	4.0	1.1122243
3661	4.0	1.1123126
3662	4.0	1.1124337
3663	4.0	1.1125318
3664	4.0	1.1126381
3665	4.0	1.1126882
3666	4.0	1.1126983
3667	4.0	1.112742
3668	4.0	1.1126829
3669	4.0	1.1127315
367	4.0	1.1126708
3670	4.0	1.1126701
3671	4.0	1.1125942
3672	4.0	1.1126106
3673	4.0	1.1126443
3674	4.0	1.1126698
3675	4.0	1.1126276
3676	4.0	1.1126693
3677	4.0	1.1126642
3678	4.0	1.1126449
3679	4.0	1.1126444
368	4.0	1.112499
3680	4.0	1.1124947
3681	4.0	1.112423
3682	4.0	1.112355
3683	4.0	1.1122978
3684	4.0	1.112216
3685	4.0	1.112101
3686	4.0	1.1120349
3687	4.0	1.1120363
3688	4.0	1.1121923
3689	4.0	1.1123688
369	4.0	1.1123616
3690	4.0	1.1125188
3691	4.0	1.1125352
3692	4.0	1.1125852
3693	4.0	1.1126894
3694	4.0	1.1127859
3695	4.0	1.1128751
3696	4.0	1.1129212
3697	4.0	1.1130388
3698	4.0	1.1129375
3699	4.0	1.1127629
37	4.0	1.1127652
370	4.0	1.1128423
3700	4.0	1.1128194
3701	4.0	1.1127422
3702	4.0	1.1125956
3703	4.0	1.1124841
3704	4.0	1.1124344
3705	4.0	1.1125698
3706	4.0	1.1125761
3707	4.0	1.1126013
3708	4.0	1.1126213
3709	4.0	1.1126899
371	4.0	1.1126612
3710	4.0	1.1128063
3711	4.0	1.1128047
3712	4.0	1.1127687
3713	4.0	1.1127428
3714	4.0	1.1127378
3715	4.0	1.1127967
3716	4.0	1.1128378
3717	4.0	1.1129569
3718	4.0	1.1129801
3719	4.0	1.1129907
372	4.0	1.1129512
3720	4.0	1.1129481
3721	4.0	1.112959
3722	4.0	1.1129597
3723	4.0	1.1128922
3724	4.0	1.1128399
3725	4.0	1.1128575
3726	4.0	1.1128489
3727	4.0	1.1128178
3728	4.0	1.1127868
3729	4.0	1.1127464
373	4.0	1.1126757
3730	4.0	1.1126468
3731	4.0	1.1126372
3732	4.0	1.1126426
3733	4.0	1.1125548
3734	4.0	1.1125426
3735	4.0	1.1124092
3736	4.0	1.1124114
3737	4.0	1.112413
3738	4.0	1.1123916
3739	4.0	1.112397
374	4.0	1.1125993
3740	4.0	1.1125466
3741	4.0	1.1125209
3742	4.0	1.1125203
3743	4.0	1.1125664
3744	4.0	1.1125057
3745	4.0	1.1125062
3746	4.0	1.1125228
3747	4.0	1.1125102
3748	4.0	1.1125103
3749	4.0	1.1125178
375	4.0	1.1125133
3751	4.0	1.1123385
3752	4.0	1.1124884
3753	4.0	1.1124364
3754	4.0	1.1126055
3755	4.0	1.1124747
3756	4.0	1.112464
3757	4.0	1.1124723
3758	4.0	1.1125216
3759	4.0	1.1125221
376	4.0	1.1124567
3760	4.0	1.112428
3761	4.0	1.1124327
3762	4.0	1.1124394
3763	4.0	1.1122416
3764	4.0	1.1123118
3765	4.0	1.1123214
3766	4.0	1.112417
3767	4.0	1.112531
3768	4.0	1.1126146
3769	4.0	1.112579
377	4.0	1.1123029
3770	4.0	1.1122102
3771	4.0	1.1121744
3772	4.0	1.1121798
3773	4.0	1.1122092
3774	4.0	1.1122845
3775	4.0	1.1122873
3776	4.0	1.112289
3777	4.0	1.1123017
3778	4.0	1.1123054
3779	4.0	1.1123049
378	4.0	1.11232
3780	4.0	1.1123353
3781	4.0	1.112359
3782	4.0	1.1123775
3783	4.0	1.1123309
3784	4.0	1.1123476
3785	4.0	1.1125401
3786	4.0	1.1125424
3787	4.0	1.112545
3788	4.0	1.1125162
3789	4.0	1.1125087
379	4.0	1.1125706
3790	4.0	1.112569
3791	4.0	1.1125631
3792	4.0	1.112556
3793	4.0	1.1122769
3794	4.0	1.1122917
3795	4.0	1.112295
3796	4.0	1.1122925
3797	4.0	1.1123192
3798	4.0	1.112309
3799	4.0	1.1125062
38	4.0	1.1125274
380	4.0	1.11226
3800	4.0	1.1122662
3801	4.0	1.1122417
3802	4.0	1.1124184
3803	4.0	1.1124158
3804	4.0	1.1124557
3805	4.0	1.1124644
3806	4.0	1.1124597
3807	4.0	1.1124487
3808	4.0	1.1124494
3809	4.0	1.1123837
381	4.0	1.1123775
3810	4.0	1.1123674
3811	4.0	1.1123103
3812	4.0	1.1122445
3813	4.0	1.112231
3814	4.0	1.1121976
3816	4.0	1.1121993
3817	4.0	1.1122106
3818	4.0	1.1122173
3819	4.0	1.1121862
382	4.0	1.1122358
3820	4.0	1.1122998
3821	4.0	1.1124388
3822	4.0	1.1124456
3823	4.0	1.1124414
3824	4.0	1.1125699
3825	4.0	1.1126573
3826	4.0	1.1128731
3827	4.0	1.1128025
3828	4.0	1.1128048
383	4.0	1.1127619
3830	4.0	1.1127691
3831	4.0	1.112728
3832	4.0	1.1127269
3833	4.0	1.112766
3834	4.0	1.112777
3835	4.0	1.1128218
3836	4.0	1.1127387
3837	4.0	1.1127636
3838	4.0	1.1127874
3839	4.0	1.1128279
384	4.0	1.1128323
3840	4.0	1.1128899
3841	4.0	1.1129404
3842	4.0	1.11294
3843	4.0	1.1129614
3844	4.0	1.1129354
3845	4.0	1.1129305
3846	4.0	1.112927
3847	4.0	1.1129438
3848	4.0	1.1129425
3849	4.0	1.1129351
385	4.0	1.1129321
3850	4.0	1.1129354
3851	4.0	1.1129365
3852	4.0	1.1129063
3853	4.0	1.1129059
3854	4.0	1.1129037
3855	4.0	1.1129041
3857	4.0	1.1129416
3858	4.0	1.1129446
3859	4.0	1.1129311
386	4.0	1.1129475
3860	4.0	1.1129447
3861	4.0	1.112958
3862	4.0	1.112962
3863	4.0	1.1129564
3864	4.0	1.1130621
3865	4.0	1.1130744
3866	4.0	1.113079
3867	4.0	1.1130803
3868	4.0	1.1130629
3869	4.0	1.1130764
387	4.0	1.1130981
3870	4.0	1.1130903
3871	4.0	1.1130599
3872	4.0	1.1130465
3873	4.0	1.1130272
3874	4.0	1.1130347
3875	4.0	1.1130388
3876	4.0	1.1130425
3877	4.0	1.1132456
3878	4.0	1.1132505
3879	4.0	1.1132829
388	4.0	1.113262
3880	4.0	1.1132654
3881	4.0	1.1132658
3882	4.0	1.1132356
3883	4.0	1.1132413
3884	4.0	1.1132653
3885	4.0	1.1132727
3886	4.0	1.1132798
3887	4.0	1.113279
3888	4.0	1.1132789
3889	4.0	1.113382
389	4.0	1.1133765
3890	4.0	1.113376
3891	4.0	1.113385
3892	4.0	1.1133941
3893	4.0	1.1133131
3894	4.0	1.1133164
3895	4.0	1.1133817
3896	4.0	1.1134063
3897	4.0	1.1133261
3898	4.0	1.1133327
3899	4.0	1.113338
39	4.0	1.1131151
390	4.0	1.1131138
3900	4.0	1.113127
3901	4.0	1.1131897
3902	4.0	1.1131928
3903	4.0	1.1131953
3904	4.0	1.1131982
3905	4.0	1.113197
3906	4.0	1.1131917
3908	4.0	1.1132905
3909	4.0	1.1133096
391	4.0	1.1133064
3910	4.0	1.1133467
3911	4.0	1.1132692
3912	4.0	1.1133016
3913	4.0	1.1133288
3914	4.0	1.1133355
3915	4.0	1.1133518
3916	4.0	1.1133208
3917	4.0	1.1133963
3918	4.0	1.1134512
3919	4.0	1.113522
392	4.0	1.1135325
3920	4.0	1.1135321
3921	4.0	1.113556
3922	4.0	1.1135827
3923	4.0	1.1136214
3924	4.0	1.113627
3925	4.0	1.1136172
3926	4.0	1.1135657
3927	4.0	1.1134619
3928	4.0	1.1134539
3929	4.0	1.1134439
393	4.0	1.113592
3930	4.0	1.113594
3931	4.0	1.1136241
3932	4.0	1.1135774
3933	4.0	1.1135937
3934	4.0	1.1136012
3935	4.0	1.1136007
3936	4.0	1.1135724
3937	4.0	1.1135638
3938	4.0	1.1136003
3939	4.0	1.1136414
394	4.0	1.1136391
3940	4.0	1.1136681
3941	4.0	1.113698
3942	4.0	1.113745
3943	4.0	1.1137741
3944	4.0	1.1137861
3945	4.0	1.1138797
3946	4.0	1.1139654
3947	4.0	1.1139696
3948	4.0	1.1138748
3949	4.0	1.1138864
3950	4.0	1.113882
3951	4.0	1.113881
3952	4.0	1.113815
396	4.0	1.1138144
397	4.0	1.1138217
398	4.0	1.1138213
4	4.0	1.1138647
40	4.0	1.1138587
401	4.0	1.1138588
402	4.0	1.1138583
404	4.0	1.1138573
405	4.0	1.1140834
406	4.0	1.1140803
407	4.0	1.1141524
408	4.0	1.1141549
409	4.0	1.1141522
41	4.0	1.1141028
410	4.0	1.1141571
411	4.0	1.1141679
412	4.0	1.1141064
413	4.0	1.1142223
414	4.0	1.1142504
415	4.0	1.114324
416	4.0	1.114378
417	4.0	1.1143576
418	4.0	1.114373
419	4.0	1.1145027
42	4.0	1.1145356
420	4.0	1.114709
421	4.0	1.1147064
422	4.0	1.1147014
423	4.0	1.1146823
424	4.0	1.1147078
425	4.0	1.114679
426	4.0	1.1146713
427	4.0	1.1147921
428	4.0	1.1147414
429	4.0	1.1148955
43	4.0	1.1148638
430	4.0	1.114874
431	4.0	1.1147842
432	4.0	1.114916
433	4.0	1.1149217
434	4.0	1.114932
435	4.0	1.1151524
436	4.0	1.1152045
437	4.0	1.1152673
438	4.0	1.1153208
439	4.0	1.1153207
44	4.0	1.115395
440	4.0	1.1151319
441	4.0	1.1150736
442	4.0	1.1151301
443	4.0	1.1151279
444	4.0	1.1151935
445	4.0	1.1152352
446	4.0	1.1152018
447	4.0	1.1152129
448	4.0	1.1151919
449	4.0	1.1151983
45	4.0	1.1151366
450	4.0	1.115104
451	4.0	1.1150914
452	4.0	1.1150839
453	4.0	1.1150684
454	4.0	1.1148316
455	4.0	1.1149492
456	4.0	1.1149306
457	4.0	1.1145642
458	4.0	1.1145552
459	4.0	1.1145765
46	4.0	1.1145685
460	4.0	1.1145986
461	4.0	1.1145973
462	4.0	1.1146084
463	4.0	1.1146168
464	4.0	1.1146644
465	4.0	1.114669
466	4.0	1.114817
467	4.0	1.1148143
468	4.0	1.1147629
469	4.0	1.1147839
47	4.0	1.1147444
470	4.0	1.1148015
471	4.0	1.1147479
472	4.0	1.1147598
473	4.0	1.1148827
474	4.0	1.1145986
475	4.0	1.1145277
476	4.0	1.1145375
477	4.0	1.1144975
478	4.0	1.1145066
479	4.0	1.1145275
48	4.0	1.1145871
480	4.0	1.1142287
481	4.0	1.114191
482	4.0	1.1141787
483	4.0	1.1141596
484	4.0	1.1141701
485	4.0	1.1144162
486	4.0	1.1144317
487	4.0	1.1144602
488	4.0	1.114454
489	4.0	1.1144933
49	4.0	1.1144894
490	4.0	1.1144617
491	4.0	1.1144308
492	4.0	1.114348
493	4.0	1.1143081
494	4.0	1.1142335
495	4.0	1.114232
496	4.0	1.1142436
497	4.0	1.1141493
498	4.0	1.1141585
499	4.0	1.1141628
5	4.0	1.1141803
50	4.0	1.1143847
500	4.0	1.1142788
501	4.0	1.1142838
502	4.0	1.1144637
503	4.0	1.114462
504	4.0	1.1144859
505	4.0	1.1145177
506	4.0	1.1145265
507	4.0	1.1144642
508	4.0	1.1143736
509	4.0	1.1143835
510	4.0	1.114405
511	4.0	1.114417
512	4.0	1.1144584
513	4.0	1.1144539
514	4.0	1.1143876
515	4.0	1.1143397
516	4.0	1.1143696
517	4.0	1.1143308
518	4.0	1.114414
519	4.0	1.1146457
52	4.0	1.1145581
520	4.0	1.1146557
521	4.0	1.1146408
522	4.0	1.1146314
523	4.0	1.1146113
524	4.0	1.11454
525	4.0	1.1145431
526	4.0	1.1145476
527	4.0	1.1148186
528	4.0	1.1148536
529	4.0	1.1147043
53	4.0	1.1147057
530	4.0	1.1147047
531	4.0	1.1146574
532	4.0	1.1147583
533	4.0	1.1148034
534	4.0	1.1147627
535	4.0	1.1147314
536	4.0	1.1147325
537	4.0	1.1147261
538	4.0	1.1146616
539	4.0	1.1145214
54	4.0	1.1145416
540	4.0	1.1146647
541	4.0	1.1146839
542	4.0	1.1147714
543	4.0	1.1147189
544	4.0	1.1147466
545	4.0	1.1147472
546	4.0	1.1152196
547	4.0	1.1152374
548	4.0	1.115282
549	4.0	1.11528
55	4.0	1.1152891
550	4.0	1.1153116
551	4.0	1.1152736
552	4.0	1.1152344
553	4.0	1.1152191
554	4.0	1.1152258
555	4.0	1.115166
556	4.0	1.1151514
557	4.0	1.1151513
558	4.0	1.1151993
559	4.0	1.1152049
56	4.0	1.1152173
560	4.0	1.1152133
561	4.0	1.1152108
562	4.0	1.1151841
563	4.0	1.1151819
564	4.0	1.1152121
565	4.0	1.1152154
566	4.0	1.1152155
567	4.0	1.1152165
568	4.0	1.1152104
569	4.0	1.1152117
57	4.0	1.1152015
570	4.0	1.1152065
571	4.0	1.1151986
572	4.0	1.1152016
573	4.0	1.1152002
574	4.0	1.1151865
575	4.0	1.115219
576	4.0	1.1152185
577	4.0	1.1152242
578	4.0	1.1152241
579	4.0	1.1152247
58	4.0	1.1151845
580	4.0	1.1151819
581	4.0	1.1151662
582	4.0	1.1151652
583	4.0	1.115167
584	4.0	1.1151665
585	4.0	1.1152484
586	4.0	1.1152865
587	4.0	1.1152116
588	4.0	1.1150242
589	4.0	1.1147852
59	4.0	1.1147896
590	4.0	1.1147307
591	4.0	1.1147329
592	4.0	1.114539
593	4.0	1.1146156
594	4.0	1.1145185
595	4.0	1.1144743
596	4.0	1.1143986
597	4.0	1.1143239
598	4.0	1.1143235
599	4.0	1.1143095
6	4.0	1.1141838
60	4.0	1.1141627
600	4.0	1.1141669
601	4.0	1.1141664
602	4.0	1.1141664
603	4.0	1.1141708
605	4.0	1.1141295
606	4.0	1.114204
607	4.0	1.1142062
608	4.0	1.1143585
609	4.0	1.1143707
61	4.0	1.1143692
610	4.0	1.1143421
611	4.0	1.1145074
612	4.0	1.1145445
613	4.0	1.1145298
614	4.0	1.1145308
615	4.0	1.1145263
616	4.0	1.1145087
617	4.0	1.1145072
618	4.0	1.1145183
619	4.0	1.1145293
62	4.0	1.1144773
621	4.0	1.1144701
623	4.0	1.1144698
624	4.0	1.1144693
626	4.0	1.1144861
627	4.0	1.1144729
628	4.0	1.1143682
63	4.0	1.1143948
630	4.0	1.1143966
631	4.0	1.1144813
632	4.0	1.1144814
633	4.0	1.1144776
634	4.0	1.1144824
635	4.0	1.1144575
637	4.0	1.1145278
638	4.0	1.1145269
639	4.0	1.1145573
64	4.0	1.1146057
640	4.0	1.1146213
641	4.0	1.1146239
642	4.0	1.1146245
643	4.0	1.1146272
644	4.0	1.1146278
645	4.0	1.114622
647	4.0	1.114501
648	4.0	1.1143035
649	4.0	1.1143018
65	4.0	1.1144524
650	4.0	1.1144372
651	4.0	1.1144378
652	4.0	1.1144369
653	4.0	1.1143879
655	4.0	1.1143905
656	4.0	1.1144091
657	4.0	1.1144083
658	4.0	1.1144078
659	4.0	1.114409
66	4.0	1.1145532
660	4.0	1.1145564
661	4.0	1.1145095
662	4.0	1.1145139
663	4.0	1.1145132
664	4.0	1.1145116
665	4.0	1.1145139
666	4.0	1.1145144
667	4.0	1.1145641
668	4.0	1.1145706
669	4.0	1.1145759
67	4.0	1.114575
670	4.0	1.1145883
671	4.0	1.1145979
672	4.0	1.1145991
673	4.0	1.1147866
674	4.0	1.1148678
678	4.0	1.1148579
679	4.0	1.114857
68	4.0	1.1148431
680	4.0	1.114848
681	4.0	1.1148472
682	4.0	1.1148491
684	4.0	1.1148517
685	4.0	1.1148503
687	4.0	1.1148518
688	4.0	1.114993
69	4.0	1.114968
690	4.0	1.1149701
691	4.0	1.1149813
692	4.0	1.1150848
694	4.0	1.1151258
695	4.0	1.1151108
696	4.0	1.1151108
697	4.0	1.1151469
698	4.0	1.1151497
7	4.0	1.1150928
70	4.0	1.1152306
700	4.0	1.1152239
701	4.0	1.1152234
702	4.0	1.115219
703	4.0	1.1152346
704	4.0	1.1152669
705	4.0	1.1152567
706	4.0	1.1152587
707	4.0	1.1152328
708	4.0	1.1151013
709	4.0	1.1151103
71	4.0	1.1152018
710	4.0	1.1152351
711	4.0	1.1152662
712	4.0	1.1152653
714	4.0	1.1152693
715	4.0	1.1152663
716	4.0	1.1152766
717	4.0	1.1152761
718	4.0	1.1152854
719	4.0	1.1153228
72	4.0	1.1153163
720	4.0	1.1153452
722	4.0	1.1153358
724	4.0	1.1153417
725	4.0	1.1153601
726	4.0	1.1153572
728	4.0	1.1153159
729	4.0	1.1153164
73	4.0	1.1153015
730	4.0	1.115304
731	4.0	1.1153029
732	4.0	1.1153032
733	4.0	1.1151155
734	4.0	1.1151152
735	4.0	1.115138
736	4.0	1.1152037
737	4.0	1.115532
74	4.0	1.1155491
741	4.0	1.1155357
742	4.0	1.1156235
743	4.0	1.115683
744	4.0	1.1156857
745	4.0	1.1157188
746	4.0	1.1157118
747	4.0	1.1157776
748	4.0	1.1157486
749	4.0	1.1157498
75	4.0	1.1157644
750	4.0	1.1158805
751	4.0	1.1158838
753	4.0	1.1158808
754	4.0	1.1158867
755	4.0	1.1158823
756	4.0	1.1158814
757	4.0	1.1158795
758	4.0	1.115879
759	4.0	1.1158803
76	4.0	1.1159075
760	4.0	1.1159024
761	4.0	1.1159282
762	4.0	1.1161611
763	4.0	1.1161606
764	4.0	1.1161517
765	4.0	1.1162117
766	4.0	1.1161946
767	4.0	1.1161885
769	4.0	1.1161897
77	4.0	1.1161808
771	4.0	1.1161796
774	4.0	1.1161791
775	4.0	1.1161797
776	4.0	1.1161809
778	4.0	1.1161629
779	4.0	1.1161762
78	4.0	1.1161754
780	4.0	1.1161627
781	4.0	1.1161578
782	4.0	1.1162139
783	4.0	1.116198
784	4.0	1.1163254
785	4.0	1.116331
786	4.0	1.1163269
787	4.0	1.116328
788	4.0	1.1164278
789	4.0	1.1164279
79	4.0	1.1164638
790	4.0	1.1164634
791	4.0	1.1164625
792	4.0	1.116462
793	4.0	1.1164691
796	4.0	1.1164687
798	4.0	1.1165116
799	4.0	1.1164879
8	4.0	1.1164864
80	4.0	1.1164725
800	4.0	1.1164265
801	4.0	1.1164426
802	4.0	1.1163905
803	4.0	1.1163793
804	4.0	1.1163836
805	4.0	1.116323
806	4.0	1.1163133
807	4.0	1.1163157
808	4.0	1.1163148
809	4.0	1.1163479
81	4.0	1.1163623
810	4.0	1.1165754
811	4.0	1.1165738
813	4.0	1.1165951
814	4.0	1.1165947
815	4.0	1.1166018
818	4.0	1.1166962
82	4.0	1.1166949
820	4.0	1.1166959
821	4.0	1.116698
823	4.0	1.1166999
824	4.0	1.1167002
826	4.0	1.1167027
827	4.0	1.1167018
828	4.0	1.11672
829	4.0	1.1168213
83	4.0	1.1168131
830	4.0	1.1168553
831	4.0	1.1168522
832	4.0	1.1167474
833	4.0	1.1168061
834	4.0	1.1168103
835	4.0	1.116807
836	4.0	1.1168728
837	4.0	1.1168625
838	4.0	1.1167961
839	4.0	1.1169083
84	4.0	1.1169131
840	4.0	1.1169367
841	4.0	1.1169457
842	4.0	1.1170183
843	4.0	1.1170208
844	4.0	1.1170194
846	4.0	1.1170181
847	4.0	1.1170259
848	4.0	1.1170194
849	4.0	1.1172764
85	4.0	1.1172549
850	4.0	1.117249
851	4.0	1.1172239
852	4.0	1.1171526
853	4.0	1.117152
854	4.0	1.1171576
858	4.0	1.1174482
859	4.0	1.1174487
86	4.0	1.1174101
860	4.0	1.1174073
861	4.0	1.117372
862	4.0	1.1173649
863	4.0	1.1173621
864	4.0	1.1173604
865	4.0	1.1173608
866	4.0	1.1172853
867	4.0	1.1173048
868	4.0	1.1173043
869	4.0	1.1172981
87	4.0	1.1173553
870	4.0	1.117397
872	4.0	1.1173966
874	4.0	1.1174005
875	4.0	1.1174009
876	4.0	1.1174088
877	4.0	1.1174101
878	4.0	1.1174096
879	4.0	1.1174622
88	4.0	1.1174849
880	4.0	1.1177429
881	4.0	1.1177735
882	4.0	1.117788
884	4.0	1.1177871
885	4.0	1.1178142
886	4.0	1.1178262
887	4.0	1.1178282
888	4.0	1.1178756
889	4.0	1.1178757
89	4.0	1.117852
891	4.0	1.1179976
892	4.0	1.1179706
893	4.0	1.117963
895	4.0	1.1179678
896	4.0	1.1179677
897	4.0	1.1179507
898	4.0	1.1179469
899	4.0	1.1179658
9	4.0	1.117997
90	4.0	1.1179961
900	4.0	1.1179659
901	4.0	1.1179519
902	4.0	1.1178858
903	4.0	1.117837
904	4.0	1.1178613
905	4.0	1.1178448
906	4.0	1.1178194
907	4.0	1.1178108
908	4.0	1.1177813
909	4.0	1.1177266
910	4.0	1.1177107
911	4.0	1.1176834
912	4.0	1.117793
913	4.0	1.1178066
914	4.0	1.1177632
915	4.0	1.1177084
916	4.0	1.1176815
917	4.0	1.1176703
918	4.0	1.1176529
919	4.0	1.1176584
92	4.0	1.1177102
920	4.0	1.1177307
921	4.0	1.1176671
922	4.0	1.1176964
923	4.0	1.1177772
924	4.0	1.1178383
925	4.0	1.1178375
926	4.0	1.1178205
927	4.0	1.1178179
928	4.0	1.1177835
929	4.0	1.1177634
93	4.0	1.1178228
930	4.0	1.1177877
931	4.0	1.1177489
932	4.0	1.1177403
933	4.0	1.117676
934	4.0	1.1176293
935	4.0	1.1176275
936	4.0	1.1176071
937	4.0	1.1176065
938	4.0	1.1176006
939	4.0	1.1176031
94	4.0	1.1175791
940	4.0	1.1175342
941	4.0	1.1175108
942	4.0	1.1174754
943	4.0	1.117448
944	4.0	1.1174341
945	4.0	1.1174093
946	4.0	1.1173981
947	4.0	1.1173744
948	4.0	1.1173508
949	4.0	1.1173195
95	4.0	1.1174133
950	4.0	1.1173844
951	4.0	1.1173587
952	4.0	1.1173041
953	4.0	1.1173327
954	4.0	1.1173042
955	4.0	1.1173059
956	4.0	1.1172986
957	4.0	1.1173035
958	4.0	1.1173005
959	4.0	1.1172943
96	4.0	1.1172917
960	4.0	1.1172955
961	4.0	1.1172969
962	4.0	1.1172956
963	4.0	1.117291
964	4.0	1.1172849
965	4.0	1.1172532
966	4.0	1.1172513
967	4.0	1.1172513
968	4.0	1.1172814
969	4.0	1.1172216
97	4.0	1.1172282
970	4.0	1.1172298
971	4.0	1.1171926
972	4.0	1.117191
973	4.0	1.1171817
974	4.0	1.1171769
975	4.0	1.11718
976	4.0	1.1171771
977	4.0	1.1171783
978	4.0	1.1171836
98	4.0	1.1171877
980	4.0	1.1171894
981	4.0	1.1171924
982	4.0	1.1171795
984	4.0	1.1171911
985	4.0	1.117191
986	4.0	1.1171685
987	4.0	1.1171714
988	4.0	1.1171683
989	4.0	1.1171687
99	4.0	1.1171618
990	4.0	1.1171772
991	4.0	1.1171391
992	4.0	1.1171468
993	4.0	1.1171466
994	4.0	1.1170831
996	4.0	1.1171373
997	4.0	1.1171341
998	4.0	1.1171418
999	4.0	1.1171018
